data/C3/dem.dat
ncols         160
nrows         233
xllcorner     383056
yllcorner     7542000
cellsize      16
NODATA_value  -9999
[rows 128 to 143 of 233, columns 37 to 73 of 160]
2.951190000000000282e+02 2.955998999999999910e+02 2.961985999999999990e+02 2.963416000000000281e+02 2.958974000000000046e+02 2.947038999999999760e+02 2.931530999999999949e+02 2.913306000000000040e+02 2.901897999999999911e+02 2.895020000000000095e+02 2.891494999999999891e+02 2.888629999999999995e+02 2.884220000000000255e+02 2.879531000000000063e+02 2.874728999999999814e+02 2.872119999999999891e+02 2.872311000000000263e+02 2.873491000000000213e+02 2.871265000000000214e+02 2.864615999999999758e+02 2.867117999999999824e+02 2.889886000000000195e+02 2.930763000000000034e+02 2.962366000000000099e+02 2.986659999999999968e+02 3.006270999999999844e+02 3.027146000000000186e+02 3.058879000000000019e+02 3.088702000000000112e+02 3.117910999999999717e+02 3.141464000000000283e+02 3.159409999999999741e+02 3.177300999999999931e+02 3.191517000000000053e+02 3.207520999999999844e+02 3.224909000000000106e+02 3.240781999999999812e+02
2.956392000000000166e+02 2.958858000000000175e+02 2.961626999999999725e+02 2.961163000000000238e+02 2.956555000000000177e+02 2.946841999999999757e+02 2.934384999999999764e+02 2.918661000000000172e+02 2.908118000000000052e+02 2.901623999999999910e+02 2.898349000000000046e+02 2.895912000000000148e+02 2.891625999999999976e+02 2.886831999999999994e+02 2.881551000000000045e+02 2.877594000000000278e+02 2.875953999999999837e+02 2.876551000000000045e+02 2.876757999999999811e+02 2.873978999999999928e+02 2.875480999999999767e+02 2.893811000000000035e+02 2.929411999999999807e+02 2.962373000000000047e+02 2.988795999999999822e+02 3.005767000000000166e+02 3.024861000000000217e+02 3.057499000000000251e+02 3.088353999999999928e+02 3.117971000000000004e+02 3.141120999999999981e+02 3.158910999999999945e+02 3.177198000000000206e+02 3.192063999999999737e+02 3.208627999999999929e+02 3.225989999999999895e+02 3.241764999999999759e+02
2.967019000000000233e+02 2.966204999999999927e+02 2.964605999999999995e+02 2.961102000000000203e+02 2.954850000000000136e+02 2.946084000000000174e+02 2.936333999999999946e+02 2.924560999999999922e+02 2.916363999999999805e+02 2.910230000000000246e+02 2.906503999999999905e+02 2.903826000000000249e+02 2.899470000000000027e+02 2.894863000000000284e+02 2.889617999999999824e+02 2.884884999999999877e+02 2.881236000000000104e+02 2.877961999999999989e+02 2.874991999999999734e+02 2.872769999999999868e+02 2.881114000000000033e+02 2.900342999999999734e+02 2.929402000000000044e+02 2.959943999999999846e+02 2.988528000000000020e+02 3.005400999999999954e+02 3.023172999999999888e+02 3.055960999999999785e+02 3.087518999999999778e+02 3.117375000000000114e+02 3.140149999999999864e+02 3.157957999999999856e+02 3.176664999999999850e+02 3.192176999999999794e+02 3.209243000000000166e+02 3.226415000000000077e+02 3.241757000000000062e+02
2.980373000000000161e+02 2.977384000000000128e+02 2.972502000000000066e+02 2.965951000000000022e+02 2.956836000000000126e+02 2.947246000000000095e+02 2.938949999999999818e+02 2.930328999999999837e+02 2.924257000000000062e+02 2.918827999999999747e+02 2.914298999999999751e+02 2.910534000000000106e+02 2.906048999999999864e+02 2.901913000000000125e+02 2.897182999999999993e+02 2.892447999999999979e+02 2.887808999999999742e+02 2.880788000000000011e+02 2.873383000000000038e+02 2.868913000000000011e+02 2.879160999999999717e+02 2.899603000000000179e+02 2.927715999999999781e+02 2.956132000000000062e+02 2.986537999999999897e+02 3.006125999999999863e+02 3.023412999999999897e+02 3.053822000000000116e+02 3.083652999999999906e+02 3.113602000000000203e+02 3.137572000000000116e+02 3.156035999999999717e+02 3.175410999999999717e+02 3.191412000000000262e+02 3.208688999999999965e+02 3.225647000000000162e+02 3.240493999999999915e+02
2.992432000000000016e+02 2.989184000000000196e+02 2.983131000000000199e+02 2.974506000000000085e+02 2.962493999999999801e+02 2.951028000000000020e+02 2.942941000000000145e+02 2.936012000000000057e+02 2.931043000000000234e+02 2.925966000000000236e+02 2.920862999999999943e+02 2.916182000000000016e+02 2.911129999999999995e+02 2.907144999999999868e+02 2.902871999999999844e+02 2.898416000000000281e+02 2.893672000000000253e+02 2.885244000000000142e+02 2.875941000000000258e+02 2.871046000000000049e+02 2.879105000000000132e+02 2.896501999999999839e+02 2.924551000000000158e+02 2.953745999999999867e+02 2.985049999999999955e+02 3.007669999999999959e+02 3.025208999999999833e+02 3.051544999999999845e+02 3.079148000000000138e+02 3.108983999999999810e+02 3.133754000000000133e+02 3.153075999999999794e+02 3.173489999999999895e+02 3.190113999999999805e+02 3.207561000000000035e+02 3.224225999999999885e+02 3.238571999999999775e+02
3.003940999999999804e+02 3.001734000000000151e+02 2.996650999999999954e+02 2.987712000000000216e+02 2.974118000000000279e+02 2.960421000000000049e+02 2.951046000000000049e+02 2.944023000000000252e+02 2.938901000000000181e+02 2.933303999999999974e+02 2.927576999999999998e+02 2.922293999999999983e+02 2.916501999999999839e+02 2.912162000000000148e+02 2.907821999999999889e+02 2.903351000000000113e+02 2.898808000000000220e+02 2.891324000000000183e+02 2.882884999999999991e+02 2.876721999999999753e+02 2.882640000000000100e+02 2.898244000000000256e+02 2.925556000000000267e+02 2.953763999999999896e+02 2.982538999999999874e+02 3.006347999999999843e+02 3.024823999999999842e+02 3.048731999999999971e+02 3.073867999999999938e+02 3.102207999999999970e+02 3.127096999999999980e+02 3.147669999999999959e+02 3.169922000000000253e+02 3.187857000000000198e+02 3.205878000000000156e+02 3.222013000000000034e+02 3.235550000000000068e+02
3.010822000000000003e+02 3.009153000000000020e+02 3.005231999999999744e+02 2.997962999999999738e+02 2.985486999999999966e+02 2.971856999999999971e+02 2.961225000000000023e+02 2.952080000000000268e+02 2.945717000000000212e+02 2.939178999999999746e+02 2.932801999999999794e+02 2.927160999999999831e+02 2.920876000000000090e+02 2.916018000000000256e+02 2.911211999999999875e+02 2.906524999999999750e+02 2.902210999999999785e+02 2.896800000000000068e+02 2.891410999999999945e+02 2.885394000000000005e+02 2.890056999999999903e+02 2.904492000000000189e+02 2.929963999999999942e+02 2.954553999999999974e+02 2.979612000000000194e+02 3.002038999999999760e+02 3.020740999999999872e+02 3.045113000000000056e+02 3.068491000000000213e+02 3.094291000000000054e+02 3.118844000000000278e+02 3.140724000000000160e+02 3.165226000000000113e+02 3.184585999999999899e+02 3.203251999999999953e+02 3.219166000000000167e+02 3.232151000000000067e+02
3.016084000000000174e+02 3.014354000000000156e+02 3.010878000000000156e+02 3.005398000000000138e+02 2.996290000000000191e+02 2.984420000000000073e+02 2.972979000000000269e+02 2.961306000000000154e+02 2.953118999999999801e+02 2.945389999999999873e+02 2.938335000000000150e+02 2.932271999999999821e+02 2.925697999999999865e+02 2.920319999999999823e+02 2.914714999999999918e+02 2.909637000000000171e+02 2.905620999999999867e+02 2.902140999999999735e+02 2.900020000000000095e+02 2.895969999999999800e+02 2.900436000000000263e+02 2.912176000000000045e+02 2.933500000000000227e+02 2.954146000000000072e+02 2.975747000000000071e+02 2.996431000000000040e+02 3.015471999999999753e+02 3.040192999999999870e+02 3.062099000000000046e+02 3.085018000000000029e+02 3.107975000000000136e+02 3.130674000000000206e+02 3.157876999999999725e+02 3.178643999999999892e+02 3.198122999999999934e+02 3.214313999999999965e+02 3.227182999999999993e+02
3.020333999999999719e+02 3.018337999999999965e+02 3.015015000000000214e+02 3.010844999999999914e+02 3.004336000000000126e+02 2.994372999999999934e+02 2.983111999999999853e+02 2.970208000000000084e+02 2.960495999999999981e+02 2.951395999999999731e+02 2.943817000000000235e+02 2.937679999999999723e+02 2.930985999999999763e+02 2.925176000000000158e+02 2.918788000000000125e+02 2.913020999999999958e+02 2.908842000000000212e+02 2.905941000000000258e+02 2.904044999999999845e+02 2.898512999999999806e+02 2.904411000000000058e+02 2.920584999999999809e+02 2.938240000000000123e+02 2.953906000000000063e+02 2.972013999999999783e+02 2.991399000000000115e+02 3.010455000000000041e+02 3.034868000000000166e+02 3.055631999999999948e+02 3.076329000000000065e+02 3.096954999999999814e+02 3.118874000000000137e+02 3.147174999999999727e+02 3.169012999999999920e+02 3.189383000000000266e+02 3.206494000000000142e+02 3.220090999999999894e+02
3.024202000000000226e+02 3.022035999999999945e+02 3.018856000000000108e+02 3.015228999999999928e+02 3.009565999999999804e+02 3.000926999999999794e+02 2.990684999999999718e+02 2.977758999999999787e+02 2.967235000000000014e+02 2.957013000000000034e+02 2.948965000000000032e+02 2.943036999999999921e+02 2.936535999999999831e+02 2.930418000000000234e+02 2.923335000000000150e+02 2.916703999999999724e+02 2.911913000000000125e+02 2.909451000000000249e+02 2.908720000000000141e+02 2.902581999999999880e+02 2.906995999999999754e+02 2.926793999999999869e+02 2.942773000000000252e+02 2.954551999999999907e+02 2.969458999999999946e+02 2.987038999999999760e+02 3.005378000000000043e+02 3.029635999999999854e+02 3.049390999999999963e+02 3.068942000000000121e+02 3.088396000000000186e+02 3.108697999999999979e+02 3.135255000000000223e+02 3.156827999999999861e+02 3.177678000000000225e+02 3.196159000000000106e+02 3.211309999999999718e+02
3.029246999999999730e+02 3.026809999999999832e+02 3.023661999999999921e+02 3.020278999999999883e+02 3.015106999999999857e+02 3.007427000000000135e+02 2.998204999999999814e+02 2.985878999999999905e+02 2.975122000000000071e+02 2.964329000000000178e+02 2.955763000000000034e+02 2.949834999999999923e+02 2.943860000000000241e+02 2.937841999999999985e+02 2.930017000000000280e+02 2.922289999999999850e+02 2.917361000000000217e+02 2.916922000000000139e+02 2.917615999999999872e+02 2.911954000000000065e+02 2.913219000000000278e+02 2.930575000000000045e+02 2.945244000000000142e+02 2.955104999999999791e+02 2.967506999999999948e+02 2.983176000000000272e+02 3.000380999999999858e+02 3.022934000000000196e+02 3.041338999999999828e+02 3.060362000000000080e+02 3.078924999999999841e+02 3.096958000000000197e+02 3.119565000000000055e+02 3.139365000000000236e+02 3.160212000000000216e+02 3.179965000000000259e+02 3.196990000000000123e+02
3.034739999999999895e+02 3.032015000000000100e+02 3.028736999999999853e+02 3.025484999999999900e+02 3.020676000000000272e+02 3.013428999999999860e+02 3.004572999999999752e+02 2.992533000000000243e+02 2.981784999999999854e+02 2.970858999999999810e+02 2.962019999999999982e+02 2.955831999999999766e+02 2.950158000000000129e+02 2.944898999999999774e+02 2.937135999999999854e+02 2.928731000000000222e+02 2.924551999999999907e+02 2.924338000000000193e+02 2.923466000000000236e+02 2.919913000000000238e+02 2.919585000000000150e+02 2.930645999999999844e+02 2.944535999999999945e+02 2.954153999999999769e+02 2.966032000000000153e+02 2.980631000000000199e+02 2.996053999999999746e+02 3.015285000000000082e+02 3.032203999999999837e+02 3.051356999999999857e+02 3.069717999999999734e+02 3.086315999999999917e+02 3.106179999999999950e+02 3.124359000000000037e+02 3.144338000000000193e+02 3.163586999999999989e+02 3.180901000000000067e+02
3.043072999999999979e+02 3.040389000000000124e+02 3.036662999999999784e+02 3.033193999999999733e+02 3.028159999999999741e+02 3.020615000000000236e+02 3.011646000000000072e+02 2.999458999999999946e+02 2.988557999999999879e+02 2.977447999999999979e+02 2.968240999999999872e+02 2.961628999999999792e+02 2.955883999999999787e+02 2.951431999999999789e+02 2.944852999999999952e+02 2.937051999999999907e+02 2.933063000000000216e+02 2.930761999999999716e+02 2.927336999999999989e+02 2.922459999999999809e+02 2.924295999999999935e+02 2.930950000000000273e+02 2.942559999999999718e+02 2.952776999999999816e+02 2.964674999999999727e+02 2.978394000000000119e+02 2.991990000000000123e+02 3.007307000000000130e+02 3.021263000000000147e+02 3.039975000000000023e+02 3.059014000000000237e+02 3.074884000000000128e+02 3.093494999999999777e+02 3.110516999999999825e+02 3.129017000000000053e+02 3.146544000000000096e+02 3.163007999999999811e+02
3.056247999999999934e+02 3.055067000000000235e+02 3.050188999999999737e+02 3.044999000000000251e+02 3.037475999999999772e+02 3.028339000000000283e+02 3.018641000000000076e+02 3.005880999999999972e+02 2.994572000000000003e+02 2.983122999999999934e+02 2.973331000000000017e+02 2.965971000000000117e+02 2.959356000000000222e+02 2.954608999999999810e+02 2.949451000000000249e+02 2.944078000000000088e+02 2.939936000000000149e+02 2.935966000000000236e+02 2.932384999999999877e+02 2.927699000000000069e+02 2.925350999999999999e+02 2.930321000000000140e+02 2.941696000000000026e+02 2.952373999999999796e+02 2.964082000000000221e+02 2.977216999999999985e+02 2.990009999999999764e+02 3.003641999999999825e+02 3.014673000000000229e+02 3.029900000000000091e+02 3.047837000000000103e+02 3.063795999999999822e+02 3.083582000000000107e+02 3.100744000000000256e+02 3.117998999999999796e+02 3.133879000000000019e+02 3.149119999999999777e+02
3.073077999999999861e+02 3.075923000000000229e+02 3.070566999999999780e+02 3.060550000000000068e+02 3.047649999999999864e+02 3.036166999999999803e+02 3.025287000000000148e+02 3.011546999999999912e+02 2.999651999999999816e+02 2.987676999999999907e+02 2.977151000000000067e+02 2.968827999999999747e+02 2.960994999999999777e+02 2.955704999999999814e+02 2.951152999999999906e+02 2.947746000000000208e+02 2.944198999999999842e+02 2.940489000000000033e+02 2.937801999999999794e+02 2.933283999999999878e+02 2.927357999999999834e+02 2.931533999999999764e+02 2.943235000000000241e+02 2.953448000000000206e+02 2.964866000000000099e+02 2.977694000000000187e+02 2.989961999999999875e+02 3.003168999999999755e+02 3.013043999999999869e+02 3.024293999999999869e+02 3.038799999999999955e+02 3.055076999999999998e+02 3.077194000000000074e+02 3.094966999999999757e+02 3.111270999999999844e+02 3.125640999999999963e+02 3.139232000000000085e+02
3.095720999999999776e+02 3.104787000000000035e+02 3.100624000000000251e+02 3.084209999999999923e+02 3.063899999999999864e+02 3.047685000000000173e+02 3.034023000000000252e+02 3.018446999999999889e+02 3.005609000000000037e+02 2.992656000000000063e+02 2.980932000000000244e+02 2.971247000000000185e+02 2.962013000000000034e+02 2.956333999999999946e+02 2.952699000000000069e+02 2.950425000000000182e+02 2.947894000000000005e+02 2.944820000000000277e+02 2.941913000000000125e+02 2.937176000000000045e+02 2.933115000000000236e+02 2.937151999999999816e+02 2.946883000000000266e+02 2.956200000000000045e+02 2.968403000000000134e+02 2.981279999999999859e+02 2.992325000000000159e+02 3.004520999999999731e+02 3.014816000000000145e+02 3.026007000000000176e+02 3.038403999999999883e+02 3.052592999999999961e+02 3.074642000000000053e+02 3.091523000000000252e+02 3.106168999999999869e+02 3.118623999999999796e+02 3.130043999999999755e+02
