data/C3/dem.dat
ncols         160
nrows         233
xllcorner     383056
yllcorner     7542000
cellsize      16
NODATA_value  -9999
[rows 32 to 47 of 233, columns 0 to 36 of 160]
-9.999000000000000000e+03 -9.999000000000000000e+03 2.702719000000000165e+02 2.702826000000000022e+02 2.702984000000000151e+02 2.703163000000000125e+02 2.703299000000000092e+02 2.703158999999999992e+02 2.702440000000000282e+02 2.700914999999999964e+02 2.699941000000000031e+02 2.699662000000000148e+02 2.699913999999999987e+02 2.700403000000000020e+02 2.701259000000000015e+02 2.702563999999999851e+02 2.705486999999999966e+02 2.710351999999999748e+02 2.714526999999999930e+02 2.715283000000000015e+02 2.712633000000000152e+02 2.710273000000000252e+02 2.711843999999999824e+02 2.715437000000000012e+02 2.720905000000000200e+02 2.726001999999999725e+02 2.731761000000000195e+02 2.738374000000000024e+02 2.744087000000000103e+02 2.747010999999999967e+02 2.746958999999999946e+02 2.746068000000000211e+02 2.747004999999999768e+02 2.749241000000000099e+02 2.754064999999999941e+02 2.761077999999999975e+02 2.770385999999999740e+02
-9.999000000000000000e+03 -9.999000000000000000e+03 2.702884999999999991e+02 2.703025999999999840e+02 2.703190999999999917e+02 2.703339000000000283e+02 2.703435999999999808e+02 2.703355999999999995e+02 2.702864000000000146e+02 2.701469000000000165e+02 2.700176000000000158e+02 2.699461000000000013e+02 2.699431000000000154e+02 2.699843999999999937e+02 2.700919000000000096e+02 2.702638999999999783e+02 2.705577000000000112e+02 2.709956000000000245e+02 2.714246999999999730e+02 2.713589999999999804e+02 2.708503000000000043e+02 2.704920999999999935e+02 2.707352000000000203e+02 2.712293999999999983e+02 2.719526999999999930e+02 2.725867000000000075e+02 2.732988000000000284e+02 2.740654999999999859e+02 2.747001000000000204e+02 2.751105000000000018e+02 2.751306999999999903e+02 2.749712999999999852e+02 2.748165000000000191e+02 2.747900000000000205e+02 2.750242999999999824e+02 2.755903999999999883e+02 2.765165999999999826e+02
-9.999000000000000000e+03 -9.999000000000000000e+03 -9.999000000000000000e+03 2.703244000000000256e+02 2.703351000000000113e+02 2.703441000000000258e+02 2.703478999999999814e+02 2.703378000000000156e+02 2.702964000000000055e+02 2.701865999999999985e+02 2.700647999999999911e+02 2.699628000000000156e+02 2.699272000000000276e+02 2.699540999999999826e+02 2.700690000000000168e+02 2.702330999999999790e+02 2.704608000000000061e+02 2.707767999999999802e+02 2.710735999999999990e+02 2.710058000000000220e+02 2.706240000000000236e+02 2.703396999999999935e+02 2.705359000000000265e+02 2.710350000000000250e+02 2.718389999999999986e+02 2.725722000000000094e+02 2.733768999999999778e+02 2.741927000000000021e+02 2.748638000000000261e+02 2.753188999999999851e+02 2.753697999999999979e+02 2.752302999999999997e+02 2.750267000000000053e+02 2.749058999999999742e+02 2.750298000000000229e+02 2.755600999999999772e+02 2.764871999999999730e+02
-9.999000000000000000e+03 -9.999000000000000000e+03 -9.999000000000000000e+03 -9.999000000000000000e+03 2.703541999999999916e+02 2.703550000000000182e+02 2.703512999999999806e+02 2.703399000000000001e+02 2.703127000000000066e+02 2.702432000000000016e+02 2.701419000000000210e+02 2.700074999999999932e+02 2.699261000000000195e+02 2.699268999999999892e+02 2.700299999999999727e+02 2.701798999999999751e+02 2.703752000000000066e+02 2.705991000000000213e+02 2.707690999999999804e+02 2.707325000000000159e+02 2.705054000000000087e+02 2.703163000000000125e+02 2.704619000000000142e+02 2.709139000000000124e+02 2.717173999999999978e+02 2.724961999999999875e+02 2.733562999999999761e+02 2.741849000000000274e+02 2.748330000000000268e+02 2.752950999999999908e+02 2.754096000000000117e+02 2.753707999999999743e+02 2.752633999999999901e+02 2.752078999999999951e+02 2.754021000000000186e+02 2.759648000000000252e+02 2.768306999999999789e+02
-9.999000000000000000e+03 -9.999000000000000000e+03 -9.999000000000000000e+03 -9.999000000000000000e+03 2.703786999999999807e+02 2.703738000000000170e+02 2.703648999999999774e+02 2.703550000000000182e+02 2.703412000000000148e+02 2.703091000000000008e+02 2.702332000000000107e+02 2.700774000000000115e+02 2.699449999999999932e+02 2.699057999999999993e+02 2.699744999999999777e+02 2.701001999999999725e+02 2.702737999999999943e+02 2.704698999999999955e+02 2.706286999999999807e+02 2.706852000000000089e+02 2.705586000000000126e+02 2.703525999999999954e+02 2.704506999999999834e+02 2.708833000000000197e+02 2.716564999999999941e+02 2.724209000000000174e+02 2.732638999999999783e+02 2.740163000000000011e+02 2.745681000000000154e+02 2.749990000000000236e+02 2.751908999999999992e+02 2.753281000000000063e+02 2.755011000000000081e+02 2.757780999999999949e+02 2.762977999999999952e+02 2.768179000000000087e+02 2.773964000000000283e+02
-9.999000000000000000e+03 -9.999000000000000000e+03 -9.999000000000000000e+03 -9.999000000000000000e+03 -9.999000000000000000e+03 2.704019000000000119e+02 2.703924000000000092e+02 2.703836999999999762e+02 2.703763999999999896e+02 2.703575000000000159e+02 2.702941999999999894e+02 2.701524000000000001e+02 2.699927000000000135e+02 2.699076999999999771e+02 2.699225999999999885e+02 2.700101000000000226e+02 2.701539999999999964e+02 2.703374000000000024e+02 2.705219000000000165e+02 2.707112000000000194e+02 2.707379999999999995e+02 2.704793999999999983e+02 2.705310000000000059e+02 2.709438000000000102e+02 2.716573999999999955e+02 2.723743999999999801e+02 2.731490999999999758e+02 2.737996999999999730e+02 2.742427999999999884e+02 2.745642000000000280e+02 2.747511999999999830e+02 2.750790999999999826e+02 2.757787000000000148e+02 2.765853999999999928e+02 2.774415000000000191e+02 2.777782000000000266e+02 2.778605999999999767e+02
-9.999000000000000000e+03 -9.999000000000000000e+03 -9.999000000000000000e+03 -9.999000000000000000e+03 -9.999000000000000000e+03 2.704526000000000181e+02 2.704454000000000065e+02 2.704368999999999801e+02 2.704288999999999987e+02 2.704087000000000103e+02 2.703595000000000255e+02 2.702586000000000013e+02 2.701012999999999806e+02 2.699619999999999891e+02 2.698926999999999907e+02 2.699225999999999885e+02 2.700203000000000202e+02 2.701727000000000203e+02 2.703475000000000250e+02 2.705932000000000244e+02 2.707479999999999905e+02 2.707085999999999899e+02 2.708367999999999824e+02 2.711225000000000023e+02 2.717135000000000105e+02 2.723471999999999866e+02 2.730151000000000181e+02 2.735529000000000224e+02 2.738849000000000160e+02 2.740717999999999961e+02 2.742794000000000096e+02 2.749476999999999975e+02 2.764069000000000074e+02 2.777305000000000064e+02 2.783107999999999720e+02 2.786664999999999850e+02 2.782789000000000215e+02
-9.999000000000000000e+03 -9.999000000000000000e+03 -9.999000000000000000e+03 -9.999000000000000000e+03 -9.999000000000000000e+03 -9.999000000000000000e+03 2.705052000000000021e+02 2.704965000000000259e+02 2.704859999999999900e+02 2.704633000000000038e+02 2.704246999999999730e+02 2.703489000000000146e+02 2.702149999999999750e+02 2.700561000000000149e+02 2.699195000000000277e+02 2.698937000000000239e+02 2.699433000000000220e+02 2.700556000000000267e+02 2.701897999999999911e+02 2.703494999999999777e+02 2.704585999999999899e+02 2.706970000000000027e+02 2.710190999999999804e+02 2.712810999999999808e+02 2.718161999999999807e+02 2.723657999999999788e+02 2.729386999999999830e+02 2.733924999999999841e+02 2.736585999999999785e+02 2.738297999999999774e+02 2.742275000000000205e+02 2.754241999999999848e+02 2.775403000000000020e+02 2.790271000000000186e+02 2.787173000000000229e+02 2.791605000000000132e+02 2.789922000000000253e+02
-9.999000000000000000e+03 -9.999000000000000000e+03 -9.999000000000000000e+03 -9.999000000000000000e+03 -9.999000000000000000e+03 -9.999000000000000000e+03 -9.999000000000000000e+03 2.705742999999999938e+02 2.705643000000000029e+02 2.705421999999999798e+02 2.705081999999999880e+02 2.704465000000000146e+02 2.703358000000000061e+02 2.701875999999999749e+02 2.700120999999999754e+02 2.699289999999999736e+02 2.699272000000000276e+02 2.699957999999999743e+02 2.700892999999999802e+02 2.702208999999999719e+02 2.704128000000000043e+02 2.708269999999999982e+02 2.712427999999999884e+02 2.715502000000000180e+02 2.719855999999999767e+02 2.724069000000000074e+02 2.728752000000000066e+02 2.732817000000000007e+02 2.735427999999999997e+02 2.737964999999999804e+02 2.743709000000000060e+02 2.758335000000000150e+02 2.783233999999999924e+02 2.801566000000000258e+02 2.803851000000000226e+02 2.802158000000000015e+02 2.801109999999999900e+02
-9.999000000000000000e+03 -9.999000000000000000e+03 -9.999000000000000000e+03 -9.999000000000000000e+03 -9.999000000000000000e+03 -9.999000000000000000e+03 -9.999000000000000000e+03 2.706653999999999769e+02 2.706626999999999725e+02 2.706456000000000017e+02 2.706152999999999906e+02 2.705613999999999919e+02 2.704655000000000200e+02 2.703410000000000082e+02 2.701682000000000130e+02 2.700545000000000186e+02 2.700244999999999891e+02 2.700758999999999901e+02 2.701761000000000195e+02 2.703865999999999872e+02 2.707051000000000158e+02 2.712096000000000231e+02 2.717183999999999742e+02 2.719678999999999860e+02 2.721541000000000281e+02 2.724309000000000083e+02 2.728220000000000027e+02 2.732366999999999848e+02 2.735803000000000225e+02 2.739710999999999785e+02 2.746066999999999894e+02 2.760149999999999864e+02 2.783165000000000191e+02 2.802035000000000196e+02 2.809531000000000063e+02 2.808374000000000024e+02 2.807221000000000117e+02
-9.999000000000000000e+03 -9.999000000000000000e+03 -9.999000000000000000e+03 -9.999000000000000000e+03 -9.999000000000000000e+03 -9.999000000000000000e+03 -9.999000000000000000e+03 -9.999000000000000000e+03 2.707690000000000055e+02 2.707633999999999901e+02 2.707400999999999840e+02 2.706954999999999814e+02 2.706145000000000209e+02 2.705111999999999739e+02 2.703625000000000114e+02 2.702482999999999720e+02 2.702183999999999742e+02 2.703025000000000091e+02 2.704443999999999733e+02 2.707198000000000206e+02 2.710708000000000197e+02 2.715459000000000174e+02 2.719759999999999991e+02 2.721467999999999847e+02 2.722379000000000246e+02 2.724306000000000267e+02 2.727771000000000186e+02 2.732244000000000028e+02 2.736725000000000136e+02 2.742106999999999744e+02 2.748125000000000000e+02 2.759248999999999796e+02 2.777346000000000004e+02 2.795844000000000165e+02 2.806259999999999764e+02 2.807527000000000044e+02 2.807998000000000047e+02
-9.999000000000000000e+03 -9.999000000000000000e+03 -9.999000000000000000e+03 -9.999000000000000000e+03 -9.999000000000000000e+03 -9.999000000000000000e+03 -9.999000000000000000e+03 -9.999000000000000000e+03 2.709134000000000242e+02 2.709322999999999979e+02 2.709277999999999906e+02 2.709019000000000119e+02 2.708491000000000213e+02 2.707803000000000111e+02 2.706857999999999720e+02 2.706225000000000023e+02 2.706388000000000034e+02 2.707748000000000275e+02 2.709474999999999909e+02 2.712214000000000169e+02 2.715117999999999938e+02 2.718176000000000272e+02 2.720194999999999936e+02 2.721231999999999971e+02 2.722522999999999911e+02 2.724153999999999769e+02 2.727205999999999904e+02 2.732155000000000200e+02 2.737817999999999756e+02 2.744454000000000065e+02 2.749395000000000095e+02 2.755713000000000079e+02 2.767164000000000215e+02 2.784198000000000093e+02 2.799392000000000280e+02 2.804585999999999899e+02 2.806052999999999997e+02
-9.999000000000000000e+03 -9.999000000000000000e+03 -9.999000000000000000e+03 -9.999000000000000000e+03 -9.999000000000000000e+03 -9.999000000000000000e+03 -9.999000000000000000e+03 -9.999000000000000000e+03 -9.999000000000000000e+03 2.711012999999999806e+02 2.711224000000000274e+02 2.711261000000000081e+02 2.711109000000000151e+02 2.710865000000000009e+02 2.710577000000000112e+02 2.710609000000000037e+02 2.711277000000000044e+02 2.712753000000000156e+02 2.714513000000000034e+02 2.716902999999999793e+02 2.718990000000000009e+02 2.720631999999999948e+02 2.721331999999999880e+02 2.721714000000000055e+02 2.722739000000000260e+02 2.723804000000000087e+02 2.726494000000000142e+02 2.731653000000000020e+02 2.737939000000000078e+02 2.745251999999999839e+02 2.749662999999999897e+02 2.753863000000000056e+02 2.761913000000000125e+02 2.774952999999999861e+02 2.791718000000000188e+02 2.801401000000000181e+02 2.804214000000000055e+02
-9.999000000000000000e+03 -9.999000000000000000e+03 -9.999000000000000000e+03 -9.999000000000000000e+03 -9.999000000000000000e+03 -9.999000000000000000e+03 -9.999000000000000000e+03 -9.999000000000000000e+03 -9.999000000000000000e+03 2.713054999999999950e+02 2.713627999999999929e+02 2.714112999999999829e+02 2.714495999999999754e+02 2.714818000000000211e+02 2.715294999999999845e+02 2.715960000000000036e+02 2.717054999999999723e+02 2.718582000000000107e+02 2.720214000000000283e+02 2.722185999999999808e+02 2.723541999999999916e+02 2.724347999999999956e+02 2.724370999999999867e+02 2.723987999999999943e+02 2.723340999999999781e+02 2.723331999999999766e+02 2.725299999999999727e+02 2.730124999999999886e+02 2.736440000000000055e+02 2.744171999999999798e+02 2.748996999999999957e+02 2.752465000000000259e+02 2.757558999999999969e+02 2.766410999999999945e+02 2.783319000000000187e+02 2.797798000000000229e+02 2.803650000000000091e+02
-9.999000000000000000e+03 -9.999000000000000000e+03 -9.999000000000000000e+03 -9.999000000000000000e+03 -9.999000000000000000e+03 -9.999000000000000000e+03 -9.999000000000000000e+03 -9.999000000000000000e+03 -9.999000000000000000e+03 2.715314000000000192e+02 2.716320999999999799e+02 2.717350999999999885e+02 2.718344999999999914e+02 2.719264999999999759e+02 2.720452000000000226e+02 2.721625999999999976e+02 2.723070999999999913e+02 2.724648000000000252e+02 2.726107000000000085e+02 2.727626000000000204e+02 2.728555000000000064e+02 2.729130999999999858e+02 2.728903999999999996e+02 2.727722999999999729e+02 2.725323000000000206e+02 2.723761999999999830e+02 2.724023000000000252e+02 2.727572000000000116e+02 2.733193999999999733e+02 2.740905999999999949e+02 2.746637000000000057e+02 2.750591999999999757e+02 2.753568999999999960e+02 2.759134000000000242e+02 2.776136000000000195e+02 2.795439000000000078e+02 2.805163999999999760e+02
-9.999000000000000000e+03 -9.999000000000000000e+03 -9.999000000000000000e+03 -9.999000000000000000e+03 -9.999000000000000000e+03 -9.999000000000000000e+03 -9.999000000000000000e+03 -9.999000000000000000e+03 -9.999000000000000000e+03 2.717543000000000006e+02 2.718994999999999891e+02 2.720541000000000054e+02 2.722092000000000098e+02 2.723539000000000101e+02 2.725335000000000036e+02 2.726943999999999733e+02 2.728673999999999751e+02 2.730291000000000281e+02 2.731589999999999918e+02 2.732674000000000092e+02 2.733324999999999818e+02 2.733784999999999741e+02 2.733636999999999944e+02 2.732359000000000151e+02 2.729171000000000049e+02 2.725919000000000096e+02 2.723702000000000112e+02 2.725138000000000034e+02 2.729472000000000094e+02 2.736745000000000232e+02 2.743093999999999824e+02 2.748330000000000268e+02 2.751145999999999958e+02 2.755432000000000130e+02 2.771521000000000186e+02 2.793002000000000180e+02 2.806104000000000269e+02
