data/C3/dem.dat
ncols         160
nrows         233
xllcorner     383056
yllcorner     7542000
cellsize      16
NODATA_value  -9999
[rows 16 to 31 of 233, columns 74 to 110 of 160]
2.941399000000000115e+02 2.953860000000000241e+02 2.968281999999999812e+02 2.983476999999999748e+02 2.999078000000000088e+02 3.024920999999999935e+02 3.051114999999999782e+02 3.079313999999999965e+02 3.108475999999999999e+02 3.136902000000000044e+02 3.171580000000000155e+02 3.199388999999999896e+02 3.222610000000000241e+02 3.238777000000000044e+02 3.247207000000000221e+02 3.248133000000000266e+02 3.253657000000000039e+02 3.274904000000000224e+02 3.296392000000000166e+02 3.309182999999999879e+02 3.323326000000000136e+02 3.336535000000000082e+02 3.350701000000000249e+02 3.361464000000000283e+02 3.368423000000000229e+02 3.376435000000000173e+02 3.384572000000000003e+02 3.386576999999999771e+02 3.388478000000000065e+02 3.393677000000000135e+02 3.399343999999999824e+02 3.401442999999999870e+02 3.401566000000000258e+02 -9.999000000000000000e+03 -9.999000000000000000e+03 -9.999000000000000000e+03 -9.999000000000000000e+03
2.944157999999999902e+02 2.956356999999999857e+02 2.970781000000000063e+02 2.986279999999999859e+02 3.002585000000000264e+02 3.029345000000000141e+02 3.056154999999999973e+02 3.085278999999999883e+02 3.114705999999999904e+02 3.142739000000000260e+02 3.175760000000000218e+02 3.201489000000000260e+02 3.223532000000000153e+02 3.239252999999999929e+02 3.248851000000000226e+02 3.254841000000000122e+02 3.261059999999999945e+02 3.275226999999999862e+02 3.290441000000000145e+02 3.302635999999999967e+02 3.319875000000000114e+02 3.336711999999999989e+02 3.353516999999999939e+02 3.365446999999999775e+02 3.373888999999999783e+02 3.381657000000000153e+02 3.382223000000000184e+02 3.375452000000000226e+02 3.377780000000000200e+02 3.387332000000000107e+02 3.397499000000000251e+02 3.402200000000000273e+02 3.403664999999999736e+02 3.402955999999999790e+02 -9.999000000000000000e+03 -9.999000000000000000e+03 -9.999000000000000000e+03
2.945692999999999984e+02 2.957923999999999864e+02 2.973775999999999726e+02 2.991777000000000157e+02 3.010350000000000250e+02 3.037192999999999756e+02 3.063426999999999794e+02 3.092690999999999804e+02 3.121793999999999869e+02 3.148534999999999968e+02 3.179160999999999717e+02 3.202554000000000087e+02 3.222984000000000151e+02 3.237726999999999862e+02 3.248242000000000189e+02 3.259816000000000145e+02 3.271467999999999847e+02 3.286005999999999858e+02 3.296723000000000070e+02 3.305310000000000059e+02 3.322316999999999894e+02 3.341256999999999948e+02 3.357207000000000221e+02 3.368070000000000164e+02 3.375982000000000198e+02 3.380817999999999870e+02 3.376424999999999841e+02 3.369836000000000240e+02 3.374318000000000097e+02 3.385538999999999987e+02 3.398342999999999847e+02 3.404741000000000213e+02 3.406920000000000073e+02 3.405883999999999787e+02 3.404200999999999908e+02 -9.999000000000000000e+03 -9.999000000000000000e+03
2.946025999999999954e+02 2.958328999999999951e+02 2.975606000000000222e+02 2.995951999999999771e+02 3.016370000000000005e+02 3.043709000000000060e+02 3.069945000000000164e+02 3.098974999999999795e+02 3.126936000000000035e+02 3.152441000000000031e+02 3.182970000000000255e+02 3.205480000000000018e+02 3.224091000000000236e+02 3.237644999999999982e+02 3.248347999999999729e+02 3.262341999999999871e+02 3.276392999999999915e+02 3.291252000000000066e+02 3.303156000000000176e+02 3.313650999999999840e+02 3.331406000000000063e+02 3.348799000000000206e+02 3.360713999999999828e+02 3.368364000000000260e+02 3.373921000000000276e+02 3.375298999999999978e+02 3.371415000000000077e+02 3.370194999999999936e+02 3.378595000000000255e+02 3.390570999999999913e+02 3.403584000000000174e+02 3.409950999999999794e+02 3.411605999999999881e+02 3.409263000000000261e+02 3.405994999999999777e+02 3.403249999999999886e+02 -9.999000000000000000e+03
2.946533000000000015e+02 2.958695000000000164e+02 2.976746999999999730e+02 2.998870000000000005e+02 3.020885999999999854e+02 3.048806999999999903e+02 3.075274000000000001e+02 3.104101999999999748e+02 3.131222000000000207e+02 3.156956999999999880e+02 3.188729999999999905e+02 3.210516999999999825e+02 3.227028000000000247e+02 3.239223000000000070e+02 3.249701999999999771e+02 3.264148999999999887e+02 3.278521000000000072e+02 3.293931999999999789e+02 3.308269000000000233e+02 3.321637000000000057e+02 3.338958000000000084e+02 3.352705000000000268e+02 3.361496999999999957e+02 3.367133999999999787e+02 3.372198999999999955e+02 3.372991999999999848e+02 3.370749000000000137e+02 3.375128000000000270e+02 3.387384999999999877e+02 3.400581000000000245e+02 3.413328000000000202e+02 3.418878000000000270e+02 3.419044999999999845e+02 3.414338999999999942e+02 3.408548999999999864e+02 3.404039000000000215e+02 3.402298000000000116e+02
2.947386000000000195e+02 2.958965999999999781e+02 2.977225999999999999e+02 3.000045000000000073e+02 3.023224999999999909e+02 3.052114000000000260e+02 3.078342000000000098e+02 3.106372999999999820e+02 3.133349999999999795e+02 3.159846999999999753e+02 3.192767999999999802e+02 3.214460000000000264e+02 3.229988000000000170e+02 3.241034000000000219e+02 3.250647000000000162e+02 3.264307000000000016e+02 3.278675000000000068e+02 3.295369000000000028e+02 3.311308000000000220e+02 3.325144999999999982e+02 3.339943999999999846e+02 3.350432999999999879e+02 3.359388999999999896e+02 3.367169999999999845e+02 3.374042999999999779e+02 3.376073999999999842e+02 3.376109999999999900e+02 3.384991999999999734e+02 3.399157000000000153e+02 3.412898000000000138e+02 3.425602000000000089e+02 3.430654000000000110e+02 3.429082000000000221e+02 3.421207999999999743e+02 3.412400999999999840e+02 3.404916999999999803e+02 3.401938999999999851e+02
2.948444000000000074e+02 2.959295000000000186e+02 2.977765999999999735e+02 3.000960000000000036e+02 3.024467999999999961e+02 3.054300000000000068e+02 3.081116999999999848e+02 3.108858999999999924e+02 3.134658000000000015e+02 3.159814000000000078e+02 3.193285000000000196e+02 3.215615000000000236e+02 3.231231000000000222e+02 3.241530000000000200e+02 3.250070999999999799e+02 3.262814000000000192e+02 3.277740000000000009e+02 3.295615000000000236e+02 3.312131999999999721e+02 3.325305000000000177e+02 3.338213999999999828e+02 3.347798000000000229e+02 3.358147999999999911e+02 3.369141000000000190e+02 3.378172999999999888e+02 3.383564000000000078e+02 3.387284999999999968e+02 3.396958999999999946e+02 3.410692999999999984e+02 3.423980000000000246e+02 3.436648999999999887e+02 3.441899999999999977e+02 3.439073999999999955e+02 3.427873000000000161e+02 3.415821000000000254e+02 3.405192999999999870e+02 3.401213999999999942e+02
2.950310999999999808e+02 2.960359000000000265e+02 2.978856000000000108e+02 3.002364000000000033e+02 3.025235000000000127e+02 3.055543000000000120e+02 3.084667999999999779e+02 3.113580000000000041e+02 3.138632999999999811e+02 3.162755000000000223e+02 3.193754000000000133e+02 3.214950000000000045e+02 3.230378999999999792e+02 3.240566000000000031e+02 3.248743000000000052e+02 3.261023999999999887e+02 3.276324999999999932e+02 3.294492000000000189e+02 3.310871999999999957e+02 3.323480999999999881e+02 3.335941000000000258e+02 3.346263000000000147e+02 3.358442999999999756e+02 3.371913000000000125e+02 3.384282000000000039e+02 3.395917000000000030e+02 3.402436000000000149e+02 3.411039000000000101e+02 3.422730999999999995e+02 3.434436999999999784e+02 3.446082000000000107e+02 3.450969999999999800e+02 3.447280999999999835e+02 3.433673999999999751e+02 3.418677999999999884e+02 3.405305999999999926e+02 3.400636000000000081e+02
2.952445999999999913e+02 2.961677000000000248e+02 2.979859000000000151e+02 3.002835999999999785e+02 3.025548999999999751e+02 3.056077000000000226e+02 3.086145000000000209e+02 3.116426999999999907e+02 3.142506000000000199e+02 3.166397999999999797e+02 3.194180999999999813e+02 3.213419000000000096e+02 3.228469000000000051e+02 3.239218000000000188e+02 3.248136000000000081e+02 3.260828000000000202e+02 3.275221999999999980e+02 3.292427000000000135e+02 3.308562999999999761e+02 3.321471999999999980e+02 3.334746999999999844e+02 3.346077000000000226e+02 3.359350999999999772e+02 3.373836999999999762e+02 3.387307000000000130e+02 3.401043999999999983e+02 3.410215000000000032e+02 3.419723999999999933e+02 3.430332000000000221e+02 3.440459999999999923e+02 3.450214000000000283e+02 3.453743000000000052e+02 3.449610000000000127e+02 3.435668999999999755e+02 3.419660000000000082e+02 3.405468999999999937e+02 3.400858000000000061e+02
2.956177999999999884e+02 2.964784000000000219e+02 2.982049999999999841e+02 3.003903000000000247e+02 3.026385000000000218e+02 3.056567000000000007e+02 3.086591000000000236e+02 3.117289999999999850e+02 3.143754999999999882e+02 3.167028000000000247e+02 3.192697000000000003e+02 3.211028999999999769e+02 3.226234999999999786e+02 3.237536999999999807e+02 3.246940000000000168e+02 3.259499999999999886e+02 3.273047000000000253e+02 3.289535000000000196e+02 3.305751000000000204e+02 3.319345000000000141e+02 3.334019000000000119e+02 3.346541000000000281e+02 3.360565000000000282e+02 3.375144000000000233e+02 3.388421000000000163e+02 3.402663000000000011e+02 3.413663000000000238e+02 3.424714999999999918e+02 3.435274999999999750e+02 3.444250000000000114e+02 3.451972999999999843e+02 3.454277999999999906e+02 3.449870000000000232e+02 3.435719000000000278e+02 3.419110000000000014e+02 3.405867000000000075e+02 3.401850999999999772e+02
2.961779999999999973e+02 2.970597999999999956e+02 2.986164999999999736e+02 3.006530999999999949e+02 3.028532000000000153e+02 3.058711999999999875e+02 3.087606999999999857e+02 3.116995999999999754e+02 3.142278999999999769e+02 3.164755999999999858e+02 3.190529999999999973e+02 3.208949999999999818e+02 3.224223000000000070e+02 3.235713000000000079e+02 3.245004000000000133e+02 3.256671999999999798e+02 3.269791000000000167e+02 3.286148000000000025e+02 3.302683000000000106e+02 3.317162000000000148e+02 3.333460999999999785e+02 3.347151000000000067e+02 3.361705999999999790e+02 3.375846999999999980e+02 3.388317999999999870e+02 3.402076000000000136e+02 3.413528000000000020e+02 3.425559000000000083e+02 3.436759999999999877e+02 3.445663000000000125e+02 3.452599000000000160e+02 3.454418999999999755e+02 3.449952000000000112e+02 3.435319999999999823e+02 3.418571999999999775e+02 3.406779000000000224e+02 3.403421000000000163e+02
2.965561000000000149e+02 2.976109000000000151e+02 2.990561999999999898e+02 3.009180000000000064e+02 3.030033999999999992e+02 3.059768000000000256e+02 3.087950000000000159e+02 3.116548000000000229e+02 3.141193999999999846e+02 3.163222999999999843e+02 3.188938999999999737e+02 3.207144999999999868e+02 3.222121999999999957e+02 3.233860000000000241e+02 3.243335999999999899e+02 3.254739999999999895e+02 3.267189000000000192e+02 3.282828999999999837e+02 3.299426000000000272e+02 3.314931000000000267e+02 3.332787000000000148e+02 3.347545000000000073e+02 3.362579000000000065e+02 3.376270000000000095e+02 3.387826000000000022e+02 3.400559999999999832e+02 3.411634999999999991e+02 3.423940999999999804e+02 3.435822999999999752e+02 3.445332000000000221e+02 3.452816000000000258e+02 3.454400999999999726e+02 3.448548999999999864e+02 3.433822999999999865e+02 3.419282999999999788e+02 3.408681000000000267e+02 3.405065000000000168e+02
2.965301000000000045e+02 2.979589000000000283e+02 2.994608999999999810e+02 3.011025999999999954e+02 3.029232000000000085e+02 3.056413000000000011e+02 3.085024999999999977e+02 3.115530999999999722e+02 3.141216000000000008e+02 3.163111000000000104e+02 3.186988999999999805e+02 3.204119999999999777e+02 3.219125000000000227e+02 3.231206000000000245e+02 3.241116000000000099e+02 3.252853000000000065e+02 3.264526999999999930e+02 3.279168999999999983e+02 3.295828999999999951e+02 3.312334000000000174e+02 3.331832999999999743e+02 3.347719000000000165e+02 3.363290000000000077e+02 3.376530999999999949e+02 3.387024000000000115e+02 3.398072999999999979e+02 3.407939000000000078e+02 3.419941000000000031e+02 3.432307000000000130e+02 3.442300999999999931e+02 3.450156000000000063e+02 3.450919000000000096e+02 3.442162999999999897e+02 3.427409999999999854e+02 3.416474999999999795e+02 3.409524999999999864e+02 3.406524000000000001e+02
2.963756000000000199e+02 2.980686000000000035e+02 2.996802999999999884e+02 3.011967000000000212e+02 3.027706999999999766e+02 3.051456000000000017e+02 3.080160999999999945e+02 3.113371999999999957e+02 3.141177999999999884e+02 3.163442000000000007e+02 3.185640999999999963e+02 3.201566000000000258e+02 3.216240999999999985e+02 3.228403000000000134e+02 3.238448000000000206e+02 3.250117999999999938e+02 3.261514999999999986e+02 3.276168000000000120e+02 3.293258000000000152e+02 3.310491999999999848e+02 3.331050999999999931e+02 3.347611999999999739e+02 3.363521000000000072e+02 3.376553999999999860e+02 3.386406999999999812e+02 3.396184000000000083e+02 3.404773999999999887e+02 3.416032000000000153e+02 3.427923000000000116e+02 3.437130000000000223e+02 3.443161000000000058e+02 3.441752000000000180e+02 3.432074000000000069e+02 3.418990000000000009e+02 3.411738000000000284e+02 3.408743999999999801e+02 3.407067000000000121e+02
2.963543000000000234e+02 2.981154999999999973e+02 2.998544999999999732e+02 3.013602999999999952e+02 3.027769000000000119e+02 3.048865999999999872e+02 3.076129000000000246e+02 3.110323000000000206e+02 3.140645999999999844e+02 3.163652000000000157e+02 3.184689000000000192e+02 3.199309000000000083e+02 3.213004999999999995e+02 3.224868000000000166e+02 3.234916000000000054e+02 3.246515999999999735e+02 3.257934999999999945e+02 3.273254999999999768e+02 3.291012000000000057e+02 3.308901000000000181e+02 3.330285999999999831e+02 3.347418000000000120e+02 3.363528000000000020e+02 3.376356000000000108e+02 3.385844000000000165e+02 3.394999000000000251e+02 3.402884000000000242e+02 3.412660000000000196e+02 3.422547000000000139e+02 3.429592000000000098e+02 3.432601000000000226e+02 3.429540000000000077e+02 3.421580000000000155e+02 3.412694000000000187e+02 3.408426000000000045e+02 3.407468000000000075e+02 3.407155000000000200e+02
2.964008000000000038e+02 2.981596000000000117e+02 3.000486000000000217e+02 3.016623999999999910e+02 3.030436000000000263e+02 3.050582999999999743e+02 3.076120000000000232e+02 3.109388999999999896e+02 3.140815999999999804e+02 3.164003000000000156e+02 3.183657999999999788e+02 3.196875999999999749e+02 3.209454000000000065e+02 3.220973999999999933e+02 3.231152999999999906e+02 3.243256999999999834e+02 3.255192999999999870e+02 3.270754000000000019e+02 3.288985000000000127e+02 3.307339000000000055e+02 3.329218999999999937e+02 3.346745999999999981e+02 3.362937000000000012e+02 3.375647999999999911e+02 3.385101000000000226e+02 3.394243000000000166e+02 3.401646000000000072e+02 3.409746000000000095e+02 3.417019000000000233e+02 3.421465999999999781e+02 3.422126000000000090e+02 3.419033999999999764e+02 3.413983999999999810e+02 3.409513999999999783e+02 3.407038999999999760e+02 3.406143999999999892e+02 3.406723000000000070e+02
