data/C3/dem.dat
ncols         160
nrows         233
xllcorner     383056
yllcorner     7542000
cellsize      16
NODATA_value  -9999
[rows 16 to 31 of 233, columns 37 to 73 of 160]
2.854417000000000257e+02 2.854146000000000072e+02 2.853919999999999959e+02 2.853944999999999936e+02 2.854092999999999734e+02 2.854295000000000186e+02 2.854497000000000071e+02 2.854730000000000132e+02 2.854891999999999825e+02 2.854850000000000136e+02 2.854748999999999910e+02 2.854605000000000246e+02 2.853702999999999861e+02 2.852413000000000238e+02 2.850412999999999784e+02 2.847379000000000246e+02 2.843885999999999967e+02 2.839734000000000265e+02 2.836954000000000065e+02 2.834863000000000284e+02 2.833208999999999946e+02 2.831578999999999837e+02 2.829820000000000277e+02 2.829069999999999823e+02 2.829322000000000230e+02 2.830650999999999726e+02 2.832484999999999786e+02 2.835355999999999881e+02 2.838768999999999778e+02 2.844155999999999835e+02 2.852943999999999960e+02 2.865110000000000241e+02 2.882758999999999787e+02 2.896924000000000206e+02 2.909433000000000220e+02 2.919723000000000184e+02 2.928908999999999878e+02
2.857998000000000047e+02 2.856850999999999772e+02 2.855380000000000109e+02 2.854467000000000212e+02 2.854141999999999939e+02 2.854631999999999721e+02 2.855391000000000190e+02 2.856431999999999789e+02 2.857196999999999889e+02 2.857586000000000013e+02 2.857645999999999731e+02 2.856933999999999969e+02 2.854624999999999773e+02 2.852330999999999790e+02 2.849895999999999958e+02 2.847278000000000020e+02 2.844676000000000045e+02 2.841392999999999915e+02 2.838516999999999939e+02 2.835719000000000278e+02 2.833426000000000045e+02 2.831625999999999976e+02 2.830117000000000189e+02 2.829698999999999955e+02 2.830176000000000158e+02 2.831546999999999912e+02 2.833494000000000028e+02 2.836791000000000054e+02 2.840736999999999739e+02 2.846850000000000023e+02 2.856761000000000195e+02 2.869667000000000030e+02 2.887635000000000218e+02 2.901352999999999724e+02 2.912744999999999891e+02 2.922628000000000270e+02 2.931827999999999861e+02
2.860758000000000152e+02 2.858872000000000071e+02 2.856478000000000179e+02 2.854888000000000261e+02 2.854182000000000130e+02 2.854886999999999944e+02 2.856179000000000201e+02 2.858084000000000060e+02 2.859748999999999910e+02 2.861288999999999874e+02 2.861818999999999846e+02 2.860097999999999843e+02 2.855923999999999978e+02 2.852531999999999925e+02 2.849664000000000215e+02 2.847250999999999976e+02 2.845025999999999726e+02 2.842071000000000254e+02 2.839266999999999825e+02 2.836299000000000206e+02 2.833718999999999824e+02 2.831806000000000267e+02 2.830423999999999864e+02 2.830140000000000100e+02 2.830713999999999828e+02 2.832203000000000088e+02 2.834440000000000168e+02 2.838290999999999826e+02 2.842841999999999985e+02 2.849658000000000015e+02 2.860692000000000235e+02 2.874329999999999927e+02 2.891743999999999915e+02 2.904778999999999769e+02 2.915924999999999727e+02 2.925482000000000085e+02 2.934173999999999864e+02
2.861863000000000170e+02 2.859710000000000036e+02 2.857056000000000040e+02 2.855317000000000007e+02 2.854406999999999925e+02 2.854990000000000236e+02 2.856503999999999905e+02 2.858890999999999849e+02 2.861037999999999784e+02 2.862998999999999796e+02 2.863509999999999991e+02 2.861494000000000142e+02 2.856657000000000153e+02 2.852751999999999839e+02 2.849628000000000156e+02 2.847171000000000163e+02 2.844950999999999794e+02 2.841915000000000191e+02 2.839080000000000155e+02 2.836229000000000156e+02 2.833738000000000170e+02 2.831856999999999971e+02 2.830507000000000062e+02 2.830253000000000156e+02 2.830881999999999721e+02 2.832549999999999955e+02 2.835029000000000110e+02 2.839266000000000076e+02 2.844340000000000259e+02 2.852067000000000121e+02 2.864118000000000279e+02 2.878310000000000173e+02 2.895086999999999762e+02 2.907400999999999840e+02 2.918247000000000071e+02 2.927287999999999784e+02 2.935269000000000119e+02
2.861915000000000191e+02 2.859805999999999813e+02 2.857314999999999827e+02 2.855570999999999913e+02 2.854465000000000146e+02 2.854929000000000201e+02 2.856503999999999905e+02 2.858996000000000208e+02 2.861143999999999892e+02 2.862884999999999991e+02 2.863116999999999734e+02 2.861204999999999927e+02 2.856653999999999769e+02 2.852762000000000171e+02 2.849390000000000214e+02 2.846818999999999846e+02 2.844569000000000187e+02 2.841408000000000129e+02 2.838543000000000234e+02 2.835835000000000150e+02 2.833457000000000221e+02 2.831623000000000161e+02 2.830357000000000198e+02 2.830151999999999930e+02 2.830885000000000105e+02 2.832706999999999766e+02 2.835368000000000279e+02 2.839866000000000099e+02 2.845591999999999757e+02 2.854821999999999775e+02 2.868222999999999843e+02 2.882986999999999966e+02 2.899692999999999756e+02 2.911222999999999956e+02 2.921297999999999888e+02 2.929506999999999834e+02 2.936675999999999931e+02
2.860658999999999992e+02 2.858901000000000181e+02 2.856883000000000266e+02 2.855382999999999925e+02 2.854386000000000081e+02 2.854698000000000206e+02 2.856030999999999835e+02 2.858201999999999998e+02 2.859968999999999824e+02 2.861134000000000128e+02 2.860862000000000194e+02 2.859017999999999802e+02 2.855289999999999964e+02 2.851945999999999799e+02 2.848666999999999803e+02 2.845874999999999773e+02 2.843749000000000251e+02 2.840912000000000148e+02 2.838177999999999770e+02 2.835402000000000271e+02 2.832961999999999989e+02 2.831129000000000246e+02 2.829907999999999788e+02 2.829805999999999813e+02 2.830670999999999822e+02 2.832628000000000270e+02 2.835369999999999777e+02 2.839918000000000120e+02 2.845967999999999734e+02 2.856062999999999761e+02 2.870812999999999988e+02 2.886634000000000242e+02 2.904026999999999816e+02 2.915328999999999837e+02 2.925144000000000233e+02 2.933032999999999788e+02 2.939130999999999858e+02
2.858297000000000025e+02 2.857053000000000225e+02 2.855622999999999934e+02 2.854596000000000231e+02 2.853969999999999914e+02 2.854175999999999931e+02 2.855135000000000218e+02 2.856906999999999925e+02 2.858303999999999974e+02 2.858983000000000061e+02 2.858297999999999774e+02 2.856512000000000171e+02 2.853503000000000043e+02 2.850801000000000158e+02 2.847848000000000184e+02 2.844863000000000284e+02 2.842805999999999926e+02 2.840529000000000224e+02 2.837912999999999784e+02 2.835031999999999925e+02 2.832502000000000066e+02 2.830634999999999764e+02 2.829399000000000228e+02 2.829334999999999809e+02 2.830296000000000163e+02 2.832345000000000255e+02 2.835067999999999984e+02 2.839646000000000186e+02 2.845756000000000085e+02 2.855770999999999731e+02 2.871304000000000087e+02 2.887952999999999975e+02 2.906241999999999734e+02 2.918290000000000077e+02 2.928645999999999958e+02 2.936424000000000092e+02 2.941712999999999738e+02
2.853784999999999741e+02 2.853344000000000165e+02 2.852810999999999808e+02 2.852495999999999867e+02 2.852454000000000178e+02 2.852812000000000126e+02 2.853568000000000211e+02 2.855040000000000191e+02 2.856179999999999950e+02 2.856583999999999719e+02 2.855753000000000270e+02 2.854105000000000132e+02 2.851761000000000195e+02 2.849644999999999868e+02 2.847198000000000206e+02 2.844816000000000145e+02 2.842871000000000095e+02 2.840117000000000189e+02 2.837443999999999846e+02 2.834546000000000276e+02 2.831970000000000027e+02 2.830092000000000212e+02 2.828836000000000013e+02 2.828750000000000000e+02 2.829708999999999719e+02 2.831628999999999792e+02 2.834191000000000145e+02 2.838976000000000113e+02 2.845360000000000014e+02 2.855486999999999966e+02 2.870948000000000206e+02 2.887719999999999914e+02 2.906933000000000220e+02 2.920407999999999902e+02 2.932062999999999988e+02 2.940391000000000190e+02 2.945178999999999974e+02
2.848530000000000086e+02 2.848852999999999724e+02 2.849230999999999767e+02 2.849621000000000208e+02 2.850194000000000187e+02 2.850955000000000155e+02 2.851888999999999896e+02 2.853283999999999878e+02 2.854370999999999867e+02 2.854886999999999944e+02 2.854279999999999973e+02 2.852812999999999874e+02 2.850727999999999724e+02 2.848903000000000247e+02 2.846804999999999950e+02 2.844666000000000281e+02 2.842577999999999747e+02 2.839644999999999868e+02 2.836936000000000035e+02 2.834083999999999719e+02 2.831542000000000030e+02 2.829691000000000258e+02 2.828442000000000007e+02 2.828299000000000092e+02 2.829080000000000155e+02 2.830758000000000152e+02 2.833208000000000197e+02 2.838011000000000195e+02 2.844562999999999988e+02 2.855495999999999981e+02 2.871637999999999806e+02 2.888521000000000072e+02 2.907497999999999934e+02 2.921508999999999787e+02 2.934173999999999864e+02 2.943578999999999724e+02 2.948736999999999853e+02
2.841723000000000070e+02 2.842884999999999991e+02 2.844306000000000267e+02 2.845520999999999958e+02 2.846804999999999950e+02 2.848147999999999911e+02 2.849476999999999975e+02 2.851064999999999827e+02 2.852298999999999864e+02 2.853177000000000021e+02 2.853000999999999863e+02 2.851917000000000257e+02 2.849957999999999743e+02 2.848192000000000235e+02 2.846234999999999786e+02 2.844096999999999866e+02 2.841877000000000066e+02 2.838964000000000283e+02 2.836345000000000027e+02 2.833587999999999738e+02 2.831139999999999759e+02 2.829347999999999956e+02 2.828104999999999905e+02 2.827898000000000138e+02 2.828521999999999821e+02 2.830029000000000110e+02 2.832268000000000256e+02 2.836494999999999891e+02 2.842567999999999984e+02 2.853643000000000143e+02 2.871152999999999906e+02 2.889390999999999963e+02 2.908416000000000281e+02 2.922262999999999806e+02 2.935326999999999771e+02 2.945926999999999794e+02 2.952601000000000226e+02
2.833865999999999872e+02 2.835867999999999824e+02 2.838344000000000165e+02 2.840387000000000057e+02 2.842448999999999728e+02 2.844447000000000116e+02 2.846252999999999815e+02 2.848303000000000225e+02 2.849812000000000012e+02 2.850944999999999823e+02 2.851118000000000166e+02 2.850439000000000078e+02 2.848904999999999745e+02 2.847296000000000049e+02 2.845403999999999769e+02 2.843276999999999930e+02 2.841050999999999931e+02 2.838231999999999857e+02 2.835745000000000005e+02 2.833154000000000110e+02 2.830876000000000090e+02 2.829157999999999902e+02 2.827937000000000012e+02 2.827764000000000237e+02 2.828408999999999764e+02 2.829839999999999804e+02 2.831761999999999944e+02 2.835020999999999844e+02 2.840169000000000210e+02 2.850233999999999810e+02 2.867662000000000262e+02 2.886660999999999717e+02 2.907939000000000078e+02 2.922271999999999821e+02 2.935002000000000066e+02 2.945914999999999964e+02 2.954490000000000123e+02
2.825951999999999771e+02 2.828754000000000133e+02 2.832171000000000163e+02 2.834988000000000170e+02 2.837810999999999808e+02 2.840443000000000211e+02 2.842740999999999758e+02 2.845246999999999957e+02 2.847024999999999864e+02 2.848347999999999729e+02 2.848838999999999828e+02 2.848582999999999856e+02 2.847534999999999741e+02 2.846179000000000201e+02 2.844411999999999807e+02 2.842368999999999915e+02 2.840224999999999795e+02 2.837558999999999969e+02 2.835224000000000046e+02 2.832817000000000007e+02 2.830727999999999724e+02 2.829148999999999887e+02 2.828043999999999869e+02 2.827975999999999885e+02 2.828725999999999772e+02 2.830138999999999783e+02 2.831757000000000062e+02 2.834325999999999794e+02 2.838924000000000092e+02 2.848433999999999742e+02 2.865570999999999913e+02 2.884734000000000265e+02 2.907334000000000174e+02 2.921741999999999848e+02 2.933611999999999966e+02 2.944100000000000250e+02 2.953890000000000100e+02
2.816078999999999724e+02 2.819898999999999774e+02 2.824316000000000031e+02 2.827995000000000232e+02 2.831759999999999877e+02 2.835183999999999855e+02 2.838099000000000274e+02 2.841168000000000120e+02 2.843306000000000040e+02 2.845002000000000066e+02 2.845916000000000281e+02 2.846141999999999825e+02 2.845622000000000185e+02 2.844606999999999744e+02 2.843070000000000164e+02 2.841206999999999994e+02 2.839241000000000099e+02 2.836800999999999817e+02 2.834712000000000103e+02 2.832595999999999776e+02 2.830824000000000069e+02 2.829511999999999716e+02 2.828652000000000157e+02 2.828736999999999853e+02 2.829617999999999824e+02 2.831086999999999989e+02 2.832567000000000235e+02 2.835029999999999859e+02 2.839850000000000136e+02 2.849991999999999734e+02 2.867789999999999964e+02 2.887819999999999823e+02 2.908428000000000111e+02 2.920797000000000025e+02 2.931213999999999942e+02 2.940821000000000254e+02 2.950708000000000197e+02
2.807112999999999943e+02 2.811956000000000131e+02 2.817339000000000055e+02 2.821759000000000128e+02 2.826270000000000095e+02 2.830421999999999798e+02 2.833872000000000071e+02 2.837395999999999958e+02 2.839911000000000172e+02 2.842028000000000247e+02 2.843437999999999874e+02 2.844109000000000265e+02 2.844019999999999868e+02 2.843231999999999857e+02 2.841852999999999838e+02 2.840126999999999953e+02 2.838362000000000194e+02 2.836232999999999720e+02 2.834463000000000079e+02 2.832739000000000260e+02 2.831281999999999925e+02 2.830212999999999965e+02 2.829606999999999744e+02 2.829830999999999790e+02 2.830803000000000225e+02 2.832386999999999944e+02 2.834105999999999881e+02 2.837171999999999912e+02 2.842687999999999988e+02 2.853537999999999784e+02 2.871041000000000167e+02 2.889694999999999823e+02 2.908244000000000256e+02 2.919488999999999805e+02 2.929200999999999908e+02 2.938263999999999783e+02 2.947941999999999894e+02
2.796970000000000027e+02 2.803211999999999762e+02 2.809793000000000234e+02 2.815083999999999946e+02 2.820403000000000020e+02 2.825192000000000121e+02 2.829146000000000072e+02 2.833167000000000257e+02 2.836132000000000062e+02 2.838863000000000056e+02 2.840910000000000082e+02 2.842149999999999750e+02 2.842527999999999793e+02 2.841906000000000176e+02 2.840565000000000282e+02 2.838910999999999945e+02 2.837359000000000151e+02 2.835733000000000175e+02 2.834515999999999849e+02 2.833319999999999936e+02 2.832241000000000213e+02 2.831399999999999864e+02 2.831009000000000242e+02 2.831415000000000077e+02 2.832527000000000044e+02 2.834354000000000156e+02 2.836600999999999999e+02 2.840724000000000160e+02 2.847137000000000171e+02 2.858159999999999741e+02 2.873835000000000264e+02 2.889780999999999835e+02 2.906447000000000003e+02 2.917540999999999940e+02 2.927422000000000253e+02 2.936664000000000101e+02 2.946766000000000076e+02
2.787323000000000093e+02 2.795004999999999882e+02 2.802950000000000159e+02 2.809005999999999972e+02 2.814923999999999751e+02 2.820136999999999716e+02 2.824413999999999874e+02 2.828870000000000005e+02 2.832359999999999900e+02 2.835751000000000204e+02 2.838512999999999806e+02 2.840366999999999962e+02 2.841338000000000079e+02 2.840973000000000184e+02 2.839630999999999972e+02 2.837853000000000065e+02 2.836369000000000256e+02 2.835394000000000005e+02 2.835047999999999888e+02 2.834445999999999799e+02 2.833589000000000055e+02 2.832914000000000101e+02 2.832769000000000119e+02 2.833412999999999897e+02 2.834805999999999813e+02 2.837013999999999783e+02 2.839897000000000276e+02 2.844963999999999942e+02 2.852019999999999982e+02 2.862846999999999866e+02 2.876299000000000206e+02 2.889508000000000152e+02 2.904531000000000063e+02 2.915813999999999737e+02 2.926358999999999924e+02 2.936467999999999847e+02 2.947228999999999814e+02
