data/C3/flowacc.dat
ncols         160
nrows         233
xllcorner     383056
yllcorner     7542000
cellsize      16
NODATA_value  -9999
[rows 0 to 15 of 233, columns 74 to 110 of 160]
-9.999000000000000000e+03 -9.999000000000000000e+03 -9.999000000000000000e+03 -9.999000000000000000e+03 -9.999000000000000000e+03 -9.999000000000000000e+03 -9.999000000000000000e+03 -9.999000000000000000e+03 -9.999000000000000000e+03 -9.999000000000000000e+03 -9.999000000000000000e+03 -9.999000000000000000e+03 -9.999000000000000000e+03 -9.999000000000000000e+03 -9.999000000000000000e+03 -9.999000000000000000e+03 -9.999000000000000000e+03 -9.999000000000000000e+03 -9.999000000000000000e+03 -9.999000000000000000e+03 -9.999000000000000000e+03 -9.999000000000000000e+03 -9.999000000000000000e+03 -9.999000000000000000e+03 -9.999000000000000000e+03 -9.999000000000000000e+03 -9.999000000000000000e+03 -9.999000000000000000e+03 -9.999000000000000000e+03 -9.999000000000000000e+03 -9.999000000000000000e+03 -9.999000000000000000e+03 -9.999000000000000000e+03 -9.999000000000000000e+03 -9.999000000000000000e+03 -9.999000000000000000e+03 -9.999000000000000000e+03
-9.999000000000000000e+03 -9.999000000000000000e+03 -9.999000000000000000e+03 1.757452160000000003e+04 1.580910591999999997e+04 1.412125004799999988e+04 1.221257036800000060e+04 1.051410739199999989e+04 8.868626943999999639e+03 7.061939967999999681e+03 5.403049216000000342e+03 3.591091456000000107e+03 1.912668159999999943e+03 -9.999000000000000000e+03 -9.999000000000000000e+03 -9.999000000000000000e+03 -9.999000000000000000e+03 -9.999000000000000000e+03 -9.999000000000000000e+03 -9.999000000000000000e+03 -9.999000000000000000e+03 -9.999000000000000000e+03 -9.999000000000000000e+03 -9.999000000000000000e+03 -9.999000000000000000e+03 -9.999000000000000000e+03 -9.999000000000000000e+03 -9.999000000000000000e+03 -9.999000000000000000e+03 -9.999000000000000000e+03 -9.999000000000000000e+03 -9.999000000000000000e+03 -9.999000000000000000e+03 -9.999000000000000000e+03 -9.999000000000000000e+03 -9.999000000000000000e+03 -9.999000000000000000e+03
2.416376064000000042e+04 2.445111910400000124e+04 2.383770112000000154e+04 5.032901375999999800e+03 4.851692799999999806e+03 4.602393600000000333e+03 4.374742272000000412e+03 4.056925184000000172e+03 3.678038015999999971e+03 3.322900479999999789e+03 3.006194175999999970e+03 2.593262847999999849e+03 2.286037248000000091e+03 2.259092991999999867e+03 -9.999000000000000000e+03 -9.999000000000000000e+03 -9.999000000000000000e+03 -9.999000000000000000e+03 -9.999000000000000000e+03 -9.999000000000000000e+03 -9.999000000000000000e+03 -9.999000000000000000e+03 -9.999000000000000000e+03 -9.999000000000000000e+03 -9.999000000000000000e+03 -9.999000000000000000e+03 -9.999000000000000000e+03 -9.999000000000000000e+03 -9.999000000000000000e+03 -9.999000000000000000e+03 -9.999000000000000000e+03 -9.999000000000000000e+03 -9.999000000000000000e+03 -9.999000000000000000e+03 -9.999000000000000000e+03 -9.999000000000000000e+03 -9.999000000000000000e+03
4.803189503999999943e+03 4.190056192000000010e+03 4.020935680000000048e+03 3.985687551999999869e+03 3.797534975999999915e+03 3.772469247999999880e+03 3.847101184000000103e+03 3.760698112000000037e+03 3.581924864000000071e+03 3.374640895999999884e+03 3.136278784000000087e+03 2.854814976000000115e+03 2.456081408000000010e+03 2.141418752000000040e+03 2.436194304000000102e+03 1.102937983999999915e+03 -9.999000000000000000e+03 -9.999000000000000000e+03 -9.999000000000000000e+03 -9.999000000000000000e+03 -9.999000000000000000e+03 -9.999000000000000000e+03 -9.999000000000000000e+03 -9.999000000000000000e+03 -9.999000000000000000e+03 -9.999000000000000000e+03 -9.999000000000000000e+03 -9.999000000000000000e+03 -9.999000000000000000e+03 -9.999000000000000000e+03 -9.999000000000000000e+03 -9.999000000000000000e+03 -9.999000000000000000e+03 -9.999000000000000000e+03 -9.999000000000000000e+03 -9.999000000000000000e+03 -9.999000000000000000e+03
6.111226623999999902e+03 4.843865600000000086e+03 4.058050048000000061e+03 3.767637248000000000e+03 3.617938943999999992e+03 3.582662143999999898e+03 3.638530303999999887e+03 3.753794048000000203e+03 3.798903552000000218e+03 3.792098559999999907e+03 3.827538431999999830e+03 3.725041920000000118e+03 3.463676415999999790e+03 2.907929087999999865e+03 2.334081791999999950e+03 1.731304703999999901e+03 1.058672486400000025e+03 -9.999000000000000000e+03 -9.999000000000000000e+03 -9.999000000000000000e+03 -9.999000000000000000e+03 -9.999000000000000000e+03 -9.999000000000000000e+03 -9.999000000000000000e+03 -9.999000000000000000e+03 -9.999000000000000000e+03 -9.999000000000000000e+03 -9.999000000000000000e+03 -9.999000000000000000e+03 -9.999000000000000000e+03 -9.999000000000000000e+03 -9.999000000000000000e+03 -9.999000000000000000e+03 -9.999000000000000000e+03 -9.999000000000000000e+03 -9.999000000000000000e+03 -9.999000000000000000e+03
1.171390464000000065e+04 7.426224127999999837e+03 4.501982719999999972e+03 3.545730815999999777e+03 3.781425663999999870e+03 3.369799423999999817e+03 2.761400576000000001e+03 2.709615103999999974e+03 2.835079679999999826e+03 3.041804928000000018e+03 3.056080640000000130e+03 3.241736703999999918e+03 3.317211647999999968e+03 3.214839808000000176e+03 2.746807808000000023e+03 2.288625152000000071e+03 1.723050240000000031e+03 1.165169791999999916e+03 -9.999000000000000000e+03 -9.999000000000000000e+03 -9.999000000000000000e+03 -9.999000000000000000e+03 -9.999000000000000000e+03 -9.999000000000000000e+03 -9.999000000000000000e+03 -9.999000000000000000e+03 -9.999000000000000000e+03 -9.999000000000000000e+03 -9.999000000000000000e+03 -9.999000000000000000e+03 -9.999000000000000000e+03 -9.999000000000000000e+03 -9.999000000000000000e+03 -9.999000000000000000e+03 -9.999000000000000000e+03 -9.999000000000000000e+03 -9.999000000000000000e+03
1.497769625599999927e+04 1.150298624000000018e+04 1.040578124799999932e+04 9.566949119999999311e+03 8.648776448000000528e+03 7.258654720000000452e+03 4.618488320000000385e+03 2.277613056000000142e+03 2.116595456000000013e+03 2.105971199999999953e+03 2.210609407999999803e+03 2.338348800000000210e+03 2.524447487999999794e+03 2.720656383999999889e+03 2.787464959999999792e+03 2.523438720000000103e+03 2.283597568000000138e+03 1.911726335999999947e+03 1.573562982400000010e+03 -9.999000000000000000e+03 -9.999000000000000000e+03 -9.999000000000000000e+03 -9.999000000000000000e+03 -9.999000000000000000e+03 -9.999000000000000000e+03 -9.999000000000000000e+03 -9.999000000000000000e+03 -9.999000000000000000e+03 -9.999000000000000000e+03 -9.999000000000000000e+03 -9.999000000000000000e+03 -9.999000000000000000e+03 -9.999000000000000000e+03 -9.999000000000000000e+03 -9.999000000000000000e+03 -9.999000000000000000e+03 -9.999000000000000000e+03
1.814473215999999957e+04 2.018881638400000156e+04 2.424261529599999994e+04 2.329902079999999842e+04 2.146429439999999886e+04 2.036921471999999994e+04 1.673278464000000167e+04 9.844890623999999661e+03 2.113666048000000046e+03 1.704208486400000083e+03 1.570816767999999911e+03 1.708769894400000112e+03 1.908392448000000059e+03 2.212846848000000136e+03 2.574913536000000022e+03 2.723736832000000049e+03 2.502299136000000090e+03 2.288295680000000175e+03 2.027726694400000042e+03 2.195938560000000052e+03 1.178184191999999939e+03 -9.999000000000000000e+03 -9.999000000000000000e+03 -9.999000000000000000e+03 -9.999000000000000000e+03 -9.999000000000000000e+03 -9.999000000000000000e+03 -9.999000000000000000e+03 -9.999000000000000000e+03 -9.999000000000000000e+03 -9.999000000000000000e+03 -9.999000000000000000e+03 -9.999000000000000000e+03 -9.999000000000000000e+03 -9.999000000000000000e+03 -9.999000000000000000e+03 -9.999000000000000000e+03
4.107127040000000125e+04 3.248686720000000059e+04 2.496225382399999944e+04 2.482755071999999927e+04 2.708711526400000002e+04 2.792094464000000153e+04 2.904065279999999984e+04 2.842791935999999987e+04 1.926191872000000149e+04 1.793856435200000078e+03 1.127804928000000018e+03 9.675003648000000567e+02 1.104052224000000024e+03 1.467782835199999909e+03 1.802288383999999951e+03 2.127840255999999954e+03 2.283635711999999785e+03 2.039586662400000023e+03 1.723676518400000077e+03 1.435743232000000035e+03 1.224247808000000077e+03 1.121575321600000052e+03 -9.999000000000000000e+03 -9.999000000000000000e+03 -9.999000000000000000e+03 -9.999000000000000000e+03 -9.999000000000000000e+03 -9.999000000000000000e+03 -9.999000000000000000e+03 -9.999000000000000000e+03 -9.999000000000000000e+03 -9.999000000000000000e+03 -9.999000000000000000e+03 -9.999000000000000000e+03 -9.999000000000000000e+03 -9.999000000000000000e+03 -9.999000000000000000e+03
1.378103296000000046e+04 2.266689535999999862e+04 2.516058111999999892e+04 2.373588736000000063e+04 2.223519231999999829e+04 2.264057600000000093e+04 2.575403903999999966e+04 3.160512768000000142e+04 4.036455423999999766e+04 3.523564800000000105e+04 2.146894080000000031e+03 1.517651379200000065e+03 1.419357798400000092e+03 1.495745715199999950e+03 1.690562304000000040e+03 2.082429184000000078e+03 2.498914048000000093e+03 2.499593472000000020e+03 2.159615744000000177e+03 1.810339328000000023e+03 1.613811635199999955e+03 1.504284799999999905e+03 1.498111231999999973e+03 -9.999000000000000000e+03 -9.999000000000000000e+03 -9.999000000000000000e+03 -9.999000000000000000e+03 -9.999000000000000000e+03 -9.999000000000000000e+03 -9.999000000000000000e+03 -9.999000000000000000e+03 -9.999000000000000000e+03 -9.999000000000000000e+03 -9.999000000000000000e+03 -9.999000000000000000e+03 -9.999000000000000000e+03 -9.999000000000000000e+03
3.107114496000000145e+03 5.008339968000000226e+03 7.262559487999999874e+03 9.014249984000000040e+03 8.694045952000000398e+03 8.685715711999999257e+03 9.628600319999999556e+03 1.197520025600000008e+04 1.806161535999999978e+04 3.677502464000000327e+04 5.822966015999999945e+04 4.133875455999999758e+03 1.083927040000000034e+03 7.433086464000000433e+02 1.289934694399999898e+03 1.789502463999999918e+03 1.971645952000000079e+03 2.274493951999999808e+03 2.331388159999999971e+03 2.083420160000000124e+03 1.741175424000000021e+03 1.474066176000000041e+03 1.385435136000000057e+03 1.927413939199999959e+03 1.060788223999999900e+03 -9.999000000000000000e+03 -9.999000000000000000e+03 -9.999000000000000000e+03 -9.999000000000000000e+03 -9.999000000000000000e+03 -9.999000000000000000e+03 -9.999000000000000000e+03 -9.999000000000000000e+03 -9.999000000000000000e+03 -9.999000000000000000e+03 -9.999000000000000000e+03 -9.999000000000000000e+03
1.886696959999999990e+03 2.655408383999999842e+03 3.116957695999999942e+03 3.371860736000000088e+03 3.527635200000000168e+03 3.546777599999999893e+03 3.997291520000000219e+03 4.594163967999999841e+03 5.832585471999999754e+03 9.267227648000000045e+03 2.065355775999999969e+04 7.429476608000000124e+04 2.965772032000000036e+04 2.455821312000000034e+03 1.905266176000000087e+03 1.436301158400000077e+03 1.659798451200000045e+03 1.754748160000000098e+03 2.325643520000000080e+03 2.393358335999999781e+03 1.969470207999999957e+03 1.500377600000000029e+03 1.186888063999999986e+03 1.051892736000000014e+03 1.056852300799999966e+03 1.207182259200000090e+03 -9.999000000000000000e+03 -9.999000000000000000e+03 -9.999000000000000000e+03 -9.999000000000000000e+03 -9.999000000000000000e+03 -9.999000000000000000e+03 -9.999000000000000000e+03 -9.999000000000000000e+03 -9.999000000000000000e+03 -9.999000000000000000e+03 -9.999000000000000000e+03
1.738752255999999988e+03 1.931040409599999975e+03 2.234694911999999931e+03 2.317360639999999876e+03 2.318732288000000153e+03 2.070748927999999978e+03 1.680971520000000055e+03 1.350727039999999988e+03 1.071830937599999970e+03 8.332026879999999665e+02 6.888218879999999444e+02 6.757154560000000174e+02 4.692719615999999951e+04 4.805663231999999698e+04 2.641823487999999998e+03 1.429395020800000111e+03 1.249015859200000023e+03 1.787428454399999964e+03 1.722857062399999904e+03 1.931665279999999939e+03 2.051798016000000189e+03 1.814111564799999996e+03 1.517608038399999941e+03 1.211729663999999957e+03 9.834361088000000564e+02 8.538390015999999605e+02 1.188977791999999909e+03 -9.999000000000000000e+03 -9.999000000000000000e+03 -9.999000000000000000e+03 -9.999000000000000000e+03 -9.999000000000000000e+03 -9.999000000000000000e+03 -9.999000000000000000e+03 -9.999000000000000000e+03 -9.999000000000000000e+03 -9.999000000000000000e+03
2.448906496000000061e+03 1.775840076799999906e+03 1.732506368000000066e+03 1.940638719999999921e+03 2.126001920000000155e+03 2.050706688000000213e+03 1.746109695999999985e+03 1.408867430400000103e+03 1.067219609600000013e+03 7.680584704000000329e+02 5.040468736000000263e+02 7.491148799999999710e+02 2.737654784000000063e+02 2.828514047999999821e+04 4.150794496000000072e+04 3.103692799999999806e+03 1.979005619199999956e+03 1.160741119999999910e+03 8.024766207999999779e+02 7.684827391999999691e+02 1.048260095999999976e+03 1.620532095999999910e+03 1.639118592000000035e+03 1.291175936000000092e+03 8.522460928000000422e+02 6.121244415999999546e+02 5.063110912000000212e+02 1.024000000000000000e+03 5.347555839999999989e+02 -9.999000000000000000e+03 -9.999000000000000000e+03 -9.999000000000000000e+03 -9.999000000000000000e+03 -9.999000000000000000e+03 -9.999000000000000000e+03 -9.999000000000000000e+03 -9.999000000000000000e+03
6.726722047999999631e+03 4.227759360000000015e+03 2.918455039999999826e+03 2.423122175999999854e+03 2.397130368000000090e+03 2.398417407999999796e+03 2.182962431999999808e+03 1.741222400000000107e+03 1.345913088000000016e+03 1.014450252800000044e+03 7.659337216000000126e+02 5.874794239999999945e+02 6.724293887999999697e+02 7.994468352000000095e+02 5.108898816000000079e+04 1.472055168000000049e+04 1.763826303999999936e+03 1.212584704000000102e+03 9.520470527999999604e+02 9.212387072000000217e+02 1.197429683199999999e+03 1.513012095999999929e+03 1.528798463999999967e+03 1.394847411199999897e+03 9.878270976000000019e+02 6.404424447999999757e+02 4.721777663999999959e+02 2.560000000000000000e+02 2.560000000000000000e+02 2.560000000000000000e+02 -9.999000000000000000e+03 -9.999000000000000000e+03 -9.999000000000000000e+03 -9.999000000000000000e+03 -9.999000000000000000e+03 -9.999000000000000000e+03 -9.999000000000000000e+03
9.889528319999999439e+03 8.425913087999999334e+03 5.895526912000000266e+03 4.072260991999999987e+03 3.468719360000000052e+03 3.440618751999999859e+03 2.950442623999999796e+03 2.292645632000000205e+03 1.644004275199999938e+03 1.212898304000000053e+03 8.987239424000000554e+02 6.393793279999999868e+02 4.027896064000000251e+02 8.517873408000000381e+02 2.560000000000000000e+02 6.164401152000000002e+04 2.102071808000000146e+03 9.464001535999999533e+02 7.788519936000000143e+02 1.030362547200000108e+03 1.362214911999999913e+03 1.202923340800000005e+03 9.909662720000000036e+02 8.572504831999999624e+02 8.433124351999999817e+02 6.800118528000000424e+02 3.925333248000000026e+02 2.560000000000000000e+02 2.560000000000000000e+02 2.560000000000000000e+02 2.560000000000000000e+02 -9.999000000000000000e+03 -9.999000000000000000e+03 -9.999000000000000000e+03 -9.999000000000000000e+03 -9.999000000000000000e+03 -9.999000000000000000e+03
