data/C3/flowacc.dat
ncols         160
nrows         233
xllcorner     383056
yllcorner     7542000
cellsize      16
NODATA_value  -9999
[rows 64 to 79 of 233, columns 37 to 73 of 160]
2.512244223999999929e+06 1.700977791999999909e+03 9.614222336000000269e+02 5.802666752000000088e+02 2.560000000000000000e+02 4.978112767999999778e+04 7.995158016000000316e+02 9.102161151999999902e+02 1.020325887999999964e+03 6.660691455999999562e+02 5.594074111999999559e+02 4.481580288000000110e+02 4.835555327999999804e+02 5.636741120000000365e+02 8.620463872000000265e+03 6.614337792000000036e+02 1.139335321600000043e+03 9.107784447999999884e+02 7.205925888000000441e+02 5.575111167999999680e+02 2.560000000000000000e+02 2.560000000000000000e+02 2.560000000000000000e+02 3.200350207999999984e+05 3.045418239999999969e+03 3.056717568000000028e+03 3.271329536000000189e+03 2.688634880000000067e+03 4.266666496000000279e+02 2.560000000000000000e+02 1.485797119999999950e+03 1.279367680000000064e+03 1.050666393599999992e+03 8.242877439999999751e+02 6.317194752000000335e+02 4.380444416000000274e+02 2.560000000000000000e+02
2.560000000000000000e+02 2.496922112000000197e+06 5.796345856000000367e+02 2.560000000000000000e+02 3.242666752000000088e+02 4.724267263999999705e+04 2.729563135999999940e+04 2.619072665599999891e+04 4.362794496000000208e+02 5.294880256000000145e+02 6.145264383999999609e+02 7.180642047999999704e+02 2.560000000000000000e+02 1.004511129599999913e+04 6.187225600000000441e+02 9.601478912000000037e+02 8.563960319999999911e+02 6.756630271999999877e+02 5.267911679999999706e+02 3.583999999999999773e+02 2.560000000000000000e+02 2.560000000000000000e+02 3.150582784000000102e+05 8.347927039999999579e+02 1.391529292799999894e+03 1.444290636799999902e+03 1.751438335999999936e+03 2.738958591999999953e+03 4.568571391999999832e+03 2.560000000000000000e+02 1.820837759999999889e+03 1.031514879999999948e+03 8.286814719999999852e+02 5.927822336000000405e+02 4.380444416000000274e+02 2.560000000000000000e+02 1.273599615999999951e+05
2.560000000000000000e+02 2.495966720000000205e+06 5.979654656000000159e+02 2.958222336000000041e+02 6.143999999999999773e+02 3.697777664000000186e+02 1.877512960000000021e+04 2.560000000000000000e+02 2.468218751999999949e+04 2.367828224000000046e+04 2.270310656000000017e+04 2.139782400000000052e+04 1.996727551999999923e+04 8.831130880000000616e+03 9.163115520000000060e+02 9.585167360000000372e+02 9.879141888000000336e+02 6.745757952000000159e+02 4.323555584000000067e+02 2.560000000000000000e+02 2.560000000000000000e+02 2.560000000000000000e+02 3.139598847999999998e+05 1.230881791999999905e+03 9.646545919999999796e+02 9.516654079999999567e+02 7.485313791999999466e+02 5.006222336000000155e+02 2.560000000000000000e+02 4.130526719999999841e+03 3.583999999999999773e+02 7.396258047999999690e+02 5.018864128000000164e+02 4.380444416000000274e+02 2.560000000000000000e+02 1.506411520000000019e+05 9.097810432000000219e+03
3.413333503999999721e+02 2.495158783999999985e+06 3.015111168000000248e+02 2.560000000000000000e+02 2.560000000000000000e+02 2.560000000000000000e+02 1.826312960000000021e+04 2.560000000000000000e+02 2.749629439999999931e+02 2.844444672000000196e+02 2.560000000000000000e+02 5.595845888000000059e+02 8.857340672000000268e+02 7.264365311999999903e+02 7.435209984000000077e+03 5.465313280000000304e+03 6.485108735999999681e+02 5.697738239999999905e+02 4.152888831999999866e+02 2.560000000000000000e+02 2.560000000000000000e+02 2.879774464000000080e+04 2.834216959999999963e+05 1.135329715200000010e+03 9.816999424000000545e+02 8.092044032000000016e+02 7.209718527999999651e+02 5.063110912000000212e+02 2.560000000000000000e+02 1.679486464000000069e+03 7.111110912000000326e+02 5.120000000000000000e+02 4.608000000000000114e+02 2.560000000000000000e+02 1.549479526400000032e+05 2.560000000000000000e+02 1.392738662400000067e+04
2.560000000000000000e+02 2.494669311999999918e+06 2.560000000000000000e+02 2.560000000000000000e+02 2.926617344000000003e+02 3.299555583999999726e+02 2.560000000000000000e+02 1.753495040000000154e+04 1.063897958400000107e+03 1.009872384000000011e+03 1.256453990400000066e+03 1.154369868799999949e+03 1.050869760000000042e+03 9.446010880000000043e+02 1.411309567999999899e+03 5.478676223999999593e+02 4.202355967999999848e+03 2.168130560000000060e+03 1.321139711999999918e+03 3.640889088000000129e+02 2.560000000000000000e+02 2.560000000000000000e+02 3.095746304000000237e+05 7.536347647999999708e+02 6.083121919999999818e+02 5.129608191999999462e+02 4.084622079999999755e+02 3.811555584000000181e+02 2.560000000000000000e+02 6.970785024000000476e+02 4.664888831999999752e+02 2.560000000000000000e+02 2.560000000000000000e+02 1.645170944000000018e+05 2.560000000000000000e+02 3.794797567999999956e+03 6.635245568000000276e+03
2.560000000000000000e+02 2.494162944000000134e+06 3.868444415999999819e+02 6.738172671999999466e+02 7.068128768000000264e+02 5.063110912000000212e+02 2.560000000000000000e+02 1.594009087999999974e+04 4.579744767999999908e+02 1.602132736000000023e+03 1.581658444800000098e+03 1.464677990399999999e+03 1.359762815999999930e+03 1.270595583999999917e+03 1.191809535999999980e+03 1.268022527999999966e+03 1.094503680000000031e+03 9.755894272000000456e+02 5.909907200000000103e+02 6.043397887999999512e+02 2.560000000000000000e+02 2.841297920000000090e+02 3.084849151999999885e+05 2.560000000000000000e+02 3.759723520000000008e+02 4.152888831999999866e+02 2.560000000000000000e+02 2.560000000000000000e+02 2.560000000000000000e+02 7.509333503999999948e+02 2.560000000000000000e+02 2.673777663999999845e+02 2.135715942400000058e+05 4.533869056000000273e+04 5.094638079999999900e+04 4.931237887999999657e+04 3.190000896000000012e+03
6.087111168000000134e+02 5.878518784000000323e+02 2.492067583999999799e+06 1.217618944000000056e+03 1.011863705600000003e+03 5.233778175999999576e+02 2.560000000000000000e+02 2.560000000000000000e+02 1.497011712000000080e+04 2.628116992000000209e+03 1.838260991999999987e+03 1.568098380800000086e+03 1.373126220800000056e+03 1.281150028799999973e+03 1.150620851200000061e+03 1.089392383999999993e+03 1.012022655999999984e+03 8.983967231999999967e+02 9.523977727999999843e+02 7.933991168000000016e+02 4.294900480000000016e+02 4.219469824000000244e+02 2.560000000000000000e+02 3.074204928000000073e+05 2.560000000000000000e+02 4.152888831999999866e+02 2.560000000000000000e+02 2.560000000000000000e+02 1.944841472000000067e+03 2.673777663999999845e+02 2.560000000000000000e+02 2.159788902400000079e+05 1.647980467200000021e+03 3.364728063999999904e+03 3.684745472000000063e+03 1.512439449599999989e+03 4.263549184000000241e+04
5.973333248000000140e+02 1.230696294399999942e+03 1.370348032000000103e+03 2.487731711999999825e+06 7.277985280000000330e+02 4.323555584000000067e+02 2.560000000000000000e+02 2.560000000000000000e+02 1.043824639999999999e+04 1.796937856000000011e+03 2.615256576000000223e+03 2.009519283200000018e+03 1.596727423999999928e+03 1.342316160000000082e+03 1.240444825600000058e+03 1.130984960000000001e+03 1.103019264000000021e+03 1.080200959999999895e+03 9.700777471999999761e+02 7.649659391999999798e+02 5.138962943999999879e+02 3.394370559999999841e+02 4.576395008000000075e+02 3.672493824000000018e+02 3.060836352000000188e+05 2.560000000000000000e+02 2.560000000000000000e+02 2.560000000000000000e+02 2.685155584000000090e+03 2.560000000000000000e+02 2.162348902400000079e+05 8.814274559999999838e+03 5.308678656000000046e+03 4.659138560000000325e+03 5.121056255999999848e+03 5.320466688000000431e+03 6.282197248000000400e+03
9.386666751999999860e+02 9.974518527999999833e+02 1.543074303999999984e+03 4.348130304000000251e+03 2.480618495999999810e+06 2.560000000000000000e+02 2.560000000000000000e+02 2.560000000000000000e+02 2.560000000000000000e+02 7.918929151999999704e+03 1.781731686399999944e+03 1.596695910400000002e+03 1.436459827200000063e+03 1.328017331199999944e+03 1.303804928000000018e+03 1.355019903999999997e+03 1.297195673599999964e+03 1.096455321599999934e+03 7.911348223999999618e+02 5.613037055999999438e+02 4.266666496000000279e+02 3.413333503999999721e+02 3.128888832000000093e+02 4.551111167999999907e+02 3.834311167999999839e+02 3.043177727999999770e+05 2.560000000000000000e+02 2.560000000000000000e+02 3.762929664000000048e+04 3.869775871999999799e+04 1.893588735999999917e+05 2.611540992000000188e+03 5.601755903999999646e+03 5.662996992000000319e+03 5.698533631999999670e+03 5.817393920000000435e+03 6.702970879999999852e+03
5.120000000000000000e+02 7.680000000000000000e+02 1.898153804799999989e+03 1.841526016000000027e+03 2.560000000000000000e+02 2.479830527999999933e+06 1.097955584000000044e+03 3.299555583999999726e+02 2.560000000000000000e+02 4.011552768000000015e+03 8.866121216000000231e+02 1.891836416000000099e+03 1.840315904000000046e+03 1.828056831999999986e+03 1.645175807999999961e+03 1.309274112000000059e+03 1.145199871999999914e+03 9.655772160000000213e+02 6.707832319999999982e+02 3.811555584000000181e+02 2.560000000000000000e+02 2.560000000000000000e+02 2.560000000000000000e+02 4.096000000000000227e+02 7.372799999999999727e+02 3.035497727999999770e+05 2.560000000000000000e+02 2.560000000000000000e+02 2.382506240000000107e+05 1.925989120000000112e+05 6.103677695999999742e+03 5.731609599999999773e+03 5.384748032000000421e+03 5.394828032000000348e+03 5.168489727999999559e+03 5.315061759999999595e+03 5.192060671999999613e+03
5.120000000000000000e+02 8.412813055999999960e+02 1.242733158400000093e+03 1.143665408000000070e+03 3.497379071999999951e+02 9.626526976000000104e+02 2.477164288000000175e+06 5.176889088000000356e+02 2.560000000000000000e+02 2.560000000000000000e+02 3.460015359999999873e+03 2.914186752000000070e+03 3.247553792000000158e+03 3.864111616000000140e+03 3.787492095999999947e+03 2.862805248000000120e+03 1.091272345600000108e+03 8.282769151999999622e+02 6.883555327999999918e+02 4.608000000000000114e+02 2.560000000000000000e+02 2.560000000000000000e+02 2.560000000000000000e+02 3.583999999999999773e+02 5.802666752000000088e+02 4.001185280000000262e+02 3.013201152000000002e+05 2.389560473599999968e+05 2.560000000000000000e+02 3.375657471999999871e+03 1.432420864000000074e+04 8.442477568000000247e+03 7.429128960000000006e+03 6.767071232000000236e+03 6.456735743999999613e+03 6.175976448000000346e+03 6.559426559999999881e+03
4.608000000000000114e+02 5.601659647999999834e+02 6.888106751999999915e+02 8.436411647999999559e+02 7.066526976000000104e+02 1.313796275200000082e+03 8.419555840000000444e+02 2.474234751999999862e+06 6.030222079999999778e+02 2.560000000000000000e+02 3.562737920000000031e+03 2.335342591999999968e+03 4.820609792000000198e+03 4.193891840000000229e+03 3.948634623999999803e+03 4.615792895999999928e+03 4.576973055999999815e+03 8.457653759999999465e+02 5.051733504000000039e+02 4.152888831999999866e+02 5.120000000000000000e+02 2.560000000000000000e+02 2.560000000000000000e+02 2.560000000000000000e+02 4.323555584000000067e+02 7.338666495999999597e+02 4.641712127999999780e+02 6.087589888000000064e+04 2.560000000000000000e+02 1.749208064000000013e+04 3.359851775999999973e+03 8.729583103999999366e+03 8.156490240000000085e+03 7.293566976000000068e+03 6.679016192000000046e+03 6.661987328000000161e+03 7.088491264000000228e+03
2.560000000000000000e+02 3.925333248000000026e+02 4.887387648000000127e+02 7.672414720000000443e+02 1.133353036799999927e+03 5.859555840000000444e+02 5.917708800000000338e+02 2.473199359999999870e+06 4.209777920000000222e+02 3.949582592000000204e+03 2.560000000000000000e+02 7.013378047999999580e+03 3.717997056000000157e+03 3.134326656000000185e+03 3.268855551999999989e+03 3.389462399999999889e+03 4.538275327999999718e+03 7.461223168000000442e+03 9.009551360000000386e+02 8.536170752000000448e+02 6.482805247999999665e+02 5.575111167999999680e+02 2.560000000000000000e+02 2.560000000000000000e+02 4.266666496000000279e+02 4.930370560000000069e+02 5.408658431999999721e+02 4.410935039999999958e+02 5.935349248000000080e+04 2.211816191999999864e+04 1.184928255999999965e+04 9.741227520000000368e+03 9.029732352000000901e+03 8.450332927999999811e+03 8.145815552000000025e+03 8.106918399999999565e+03 8.542857471999999689e+03
4.551111167999999907e+02 2.560000000000000000e+02 3.185777919999999881e+02 6.883555327999999918e+02 8.248889087999999674e+02 4.721777663999999959e+02 4.575130879999999820e+02 3.475026176000000078e+02 2.471216896000000183e+06 1.266469887999999992e+04 1.316093951999999990e+04 5.587262208000000101e+03 1.797375129600000037e+03 2.297996287999999822e+03 1.643951103999999987e+03 9.940027391999999509e+02 7.227546367999999575e+02 7.932080640000000358e+02 6.624608000000000175e+03 1.351901951999999937e+03 1.038791167999999971e+03 6.257777664000000186e+02 2.560000000000000000e+02 2.560000000000000000e+02 3.640889088000000129e+02 4.097264127999999914e+02 3.470503168000000187e+02 4.179568128000000229e+02 1.844796928000000116e+04 1.489263872000000083e+04 1.793418495999999868e+04 1.389040896000000066e+04 1.195791692800000055e+04 1.075066496000000006e+04 1.019858175999999912e+04 9.925808639999999286e+03 9.989987839999999778e+03
3.413333503999999721e+02 2.560000000000000000e+02 2.560000000000000000e+02 5.120000000000000000e+02 5.120000000000000000e+02 5.859555840000000444e+02 8.917649664000000485e+02 1.147764889600000060e+03 2.454346751999999862e+06 1.863501567999999907e+03 8.645987840000000233e+02 9.128981248000000051e+02 3.695052032000000054e+03 1.906535168000000112e+03 1.229508556799999951e+03 7.803610112000000072e+02 4.582716159999999945e+02 3.381728512000000251e+02 5.566261759999999867e+02 4.758565888000000086e+03 1.281390591999999970e+03 6.712888831999999866e+02 2.560000000000000000e+02 2.560000000000000000e+02 4.949333247999999799e+02 7.083299071999999796e+02 7.950454015999999910e+02 2.560000000000000000e+02 2.940536576000000059e+04 1.764294912000000113e+04 1.659005081599999903e+04 1.492896255999999994e+04 1.326229683199999999e+04 1.156253798400000051e+04 1.051109887999999955e+04 1.002015999999999985e+04 9.358829056000000492e+03
4.835555327999999804e+02 2.560000000000000000e+02 2.560000000000000000e+02 2.560000000000000000e+02 5.120000000000000000e+02 5.745777663999999731e+02 7.394123008000000254e+02 5.846277119999999741e+02 2.451079424000000115e+06 5.497820159999999987e+02 2.560000000000000000e+02 1.186046131199999991e+03 1.195773568000000068e+03 1.239180415999999923e+03 9.298172671999999466e+02 6.314666752000000542e+02 4.835555327999999804e+02 2.844444672000000196e+02 3.299555583999999726e+02 2.512896000000000186e+03 8.317155840000000353e+02 4.494222080000000119e+02 2.560000000000000000e+02 2.560000000000000000e+02 5.120000000000000000e+02 7.365214720000000170e+02 1.234974848000000065e+03 3.419760895999999775e+04 3.008068095999999969e+03 1.693215232000000105e+04 1.869948825600000055e+04 1.864830976000000010e+04 1.712519424000000072e+04 1.537729689599999983e+04 1.409057791999999972e+04 1.296192588799999976e+04 1.196452864000000045e+04
