data/C3/flowacc.dat
ncols         160
nrows         233
xllcorner     383056
yllcorner     7542000
cellsize      16
NODATA_value  -9999
[rows 144 to 159 of 233, columns 74 to 110 of 160]
4.388631295999999566e+03 3.423477248000000145e+03 2.713538047999999890e+03 2.645372800000000097e+03 2.880966143999999986e+03 3.138342144000000189e+03 3.664109055999999782e+03 3.715861503999999968e+03 3.980374016000000211e+03 4.073804928000000018e+03 3.876041471999999885e+03 4.506994176000000152e+03 4.964432639999999992e+03 6.558725631999999678e+03 7.613940991999999824e+03 1.054383871999999974e+04 1.844624896000000081e+04 2.875415039999999863e+04 3.615067648000000190e+04 3.362400000000000000e+04 2.646495897600000171e+04 2.086699775999999838e+04 1.815225190400000065e+04 1.679497855999999956e+04 1.583445504000000074e+04 1.436425087999999960e+04 1.021543424000000050e+04 6.650476031999999577e+03 4.398846719999999550e+03 2.995149312000000009e+03 2.305155839999999898e+03 1.850713267200000018e+03 1.543894272000000001e+03 1.319878783999999996e+03 1.155041535999999951e+03 9.650837503999999853e+02 7.677845503999999437e+02
3.227433599999999933e+04 1.092195507200000065e+04 5.409800191999999697e+03 4.207687936000000263e+03 4.698418432000000394e+03 3.640784127999999782e+03 3.882386431999999786e+03 4.283680768000000171e+03 4.407876352000000225e+03 4.584686592000000019e+03 4.462528000000000247e+03 5.300257279999999810e+03 7.035366656000000148e+03 9.017008640000000014e+03 1.720602112000000125e+04 2.785270016000000032e+04 3.611165952000000107e+04 3.438695423999999912e+04 2.332602623999999923e+04 1.029045324799999980e+04 4.672520448000000215e+03 3.376810239999999794e+03 3.103796735999999783e+03 3.001582335999999941e+03 3.170355199999999968e+03 3.642613503999999921e+03 4.774340863999999783e+03 4.039866623999999774e+03 2.988100608000000193e+03 2.282314752000000226e+03 1.849100288000000091e+03 1.549441894399999910e+03 1.293441894399999910e+03 1.089615001599999914e+03 9.350794240000000173e+02 7.977060608000000457e+02 6.597906431999999768e+02
1.604849919999999984e+05 1.768582143999999971e+05 1.741155840000000026e+05 1.208301721600000019e+05 8.111921919999999773e+03 6.280250879999999597e+03 6.298853632000000289e+03 5.726625280000000203e+03 6.024537599999999657e+03 6.376337408000000323e+03 6.365159168000000136e+03 9.100144640000000436e+03 1.356583167999999932e+04 2.414713088000000062e+04 3.524480000000000291e+04 3.595840256000000227e+04 2.663666688000000067e+04 1.447372287999999935e+04 5.355391999999999825e+03 2.025793280000000095e+03 1.406952448000000004e+03 1.263240448000000015e+03 1.162200575999999955e+03 1.010945075200000019e+03 8.991978239999999687e+02 9.111490559999999732e+02 1.510442624000000023e+03 2.107692799999999806e+03 1.926267135999999937e+03 1.646207641599999988e+03 1.435012684799999988e+03 1.360399283199999900e+03 1.212145510399999921e+03 1.072704358400000046e+03 9.474097920000000386e+02 7.978589439999999513e+02 7.499604991999999584e+02
6.468057087999999567e+03 7.156625920000000406e+03 1.144056447999999909e+04 6.010888704000000143e+04 1.590079231999999902e+05 4.977301503999999841e+04 1.454797824000000037e+04 1.195158886399999938e+04 1.123680076799999915e+04 1.144705459200000041e+04 1.367533491200000026e+04 1.923034368000000177e+04 2.952527360000000044e+04 3.530612479999999778e+04 2.864062719999999899e+04 1.802051174399999945e+04 8.427531263999999283e+03 3.260184831999999915e+03 1.635061247999999978e+03 1.231808512000000064e+03 1.084606566400000020e+03 1.035758182399999896e+03 8.558320639999999457e+02 6.748110848000000033e+02 5.543088639999999714e+02 5.163037696000000096e+02 7.190660351999999875e+02 1.207604992000000038e+03 1.483116953599999988e+03 1.381453312000000096e+03 1.169532825600000024e+03 9.787851520000000392e+02 8.927983359999999493e+02 8.307091712000000143e+02 7.169851648000000068e+02 8.892999680000000353e+02 7.458532608000000437e+02
4.906128896000000168e+03 3.595011840000000120e+03 2.817822975999999926e+03 3.396478463999999803e+03 1.460215731199999937e+04 1.035044531200000056e+05 9.398909440000000177e+04 6.103165439999999944e+04 4.663047168000000238e+04 4.240858112000000256e+04 4.239616767999999865e+04 4.506093824000000313e+04 4.049451520000000164e+04 2.807091609600000083e+04 1.459669145600000047e+04 6.799915007999999943e+03 3.014415359999999964e+03 1.988028800000000047e+03 1.617006464000000051e+03 1.384545024000000012e+03 1.214183116800000107e+03 1.056137983999999960e+03 9.050800127999999631e+02 7.686473472000000129e+02 6.408092159999999922e+02 5.247398144000000002e+02 4.651265791999999806e+02 6.721926144000000249e+02 9.011223807999999735e+02 9.791644927999999481e+02 1.016950067200000035e+03 9.486787071999999625e+02 8.891126784000000498e+02 8.614541567999999643e+02 9.872022015999999667e+02 8.781842688000000408e+02 8.185726975999999695e+02
9.003709951999999248e+03 6.128286208000000443e+03 4.382098688000000038e+03 3.503086335999999847e+03 5.047197696000000178e+03 1.332796927999999934e+04 4.357374719999999797e+04 6.308652799999999843e+04 6.203868415999999706e+04 5.306335231999999814e+04 4.441115647999999783e+04 3.299854336000000330e+04 2.073512960000000021e+04 1.085716735999999946e+04 4.874304000000000087e+03 2.808046080000000075e+03 2.098221824000000197e+03 1.753696409599999924e+03 1.540758655999999974e+03 1.424844800000000077e+03 1.269435801600000104e+03 1.062493952000000036e+03 8.795783168000000387e+02 7.560163840000000164e+02 6.693381120000000237e+02 5.592427519999999959e+02 7.581067520000000286e+02 8.368445951999999579e+02 8.168127488000000085e+02 9.013062144000000444e+02 7.848318464000000176e+02 7.301934079999999767e+02 9.643066880000000083e+02 1.001886105599999951e+03 1.082772224000000051e+03 9.489191935999999714e+02 9.569018624000000273e+02
1.597294592000000011e+04 9.243737600000000384e+03 6.151028736000000208e+03 4.294456063999999969e+03 3.949159168000000136e+03 5.111405824000000393e+03 8.176466688000000431e+03 1.311337881600000037e+04 1.807322367999999915e+04 2.050350976000000082e+04 1.932977407999999923e+04 1.307738623999999982e+04 7.882197760000000017e+03 4.531630336000000170e+03 3.118486784000000171e+03 2.456822016000000076e+03 2.040371327999999949e+03 1.802995353600000044e+03 1.608218368000000055e+03 1.407407232000000022e+03 1.166753791999999976e+03 1.001860480000000052e+03 8.851681280000000243e+02 8.082058240000000069e+02 8.187499520000000075e+02 8.900833280000000514e+02 7.331696127999999817e+02 4.005894144000000097e+02 3.614735104000000092e+02 3.955256575999999882e+02 7.103425792000000456e+02 9.631582720000000108e+02 1.158808473600000070e+03 1.165643008000000009e+03 1.228184320000000071e+03 1.081057536000000027e+03 1.159548160000000053e+03
2.063848960000000079e+04 1.571768755199999941e+04 9.371271679999999833e+03 6.617868287999999666e+03 4.911635712000000240e+03 4.373478143999999702e+03 5.081238784000000123e+03 6.206460415999999896e+03 6.719735808000000361e+03 6.913697280000000319e+03 6.663144448000000011e+03 5.849070848000000296e+03 4.542110719999999674e+03 3.598992639999999938e+03 2.970117119999999886e+03 2.573705727999999908e+03 2.311316992000000027e+03 2.061277951999999914e+03 1.803088639999999941e+03 1.483831040000000030e+03 1.181063167999999905e+03 1.028125183999999990e+03 1.002486451200000033e+03 1.013925043200000005e+03 1.090672486400000025e+03 9.061524480000000494e+02 6.184420096000000058e+02 5.214220800000000509e+02 5.460520960000000059e+02 6.979909632000000101e+02 8.882114559999999983e+02 1.318821887999999944e+03 1.443445427200000040e+03 1.393463372799999888e+03 1.452626585599999999e+03 1.239615103999999974e+03 1.394398464000000104e+03
1.836433664000000135e+04 2.235397376000000077e+04 1.793591807999999946e+04 1.024313088000000062e+04 7.056885247999999592e+03 5.420886784000000262e+03 4.750936064000000442e+03 5.197564927999999782e+03 5.899216895999999906e+03 5.943627008000000387e+03 5.314173439999999573e+03 4.423199743999999555e+03 3.706897919999999885e+03 3.202146303999999873e+03 2.790144768000000113e+03 2.524254464000000098e+03 2.248806912000000011e+03 1.958571519999999964e+03 1.647113728000000037e+03 1.329302271999999903e+03 1.130830592000000024e+03 1.049454950399999916e+03 9.544817408000000114e+02 1.152775167999999894e+03 9.406485503999999764e+02 7.782399232000000211e+02 6.731376639999999725e+02 7.535141631999999845e+02 7.523491328000000067e+02 7.734503167999999960e+02 1.062860108800000035e+03 1.693206912000000102e+03 1.842056883199999902e+03 1.670499328000000105e+03 1.687983103999999912e+03 1.433581900800000085e+03 1.636537600000000111e+03
2.587098368000000119e+04 1.673474815999999919e+04 2.003268351999999868e+04 1.672288511999999901e+04 9.240294400000000678e+03 6.341820928000000094e+03 4.855101951999999983e+03 4.228726528000000144e+03 4.374417919999999867e+03 4.778221567999999934e+03 4.825900287999999819e+03 4.579708416000000398e+03 4.142716416000000208e+03 3.673283840000000055e+03 3.262783743999999842e+03 2.886845440000000053e+03 2.482992639999999938e+03 2.146548479999999927e+03 1.835026943999999958e+03 1.625130137599999898e+03 1.486113894399999936e+03 1.342471808000000010e+03 1.357540608000000020e+03 1.059753292800000054e+03 1.153192704000000049e+03 9.384801280000000361e+02 1.052603904000000057e+03 8.077486079999999902e+02 8.342888192000000345e+02 1.022793574400000011e+03 1.227961190400000078e+03 2.095164928000000145e+03 2.208421887999999853e+03 1.931938713600000028e+03 1.960408192000000099e+03 1.657151616000000104e+03 1.898354176000000052e+03
6.478031616000000213e+04 3.124490495999999985e+04 1.822166272000000026e+04 2.193370623999999953e+04 1.805252864000000045e+04 9.997235199999999168e+03 6.482415616000000227e+03 5.216426752000000306e+03 4.806997503999999935e+03 4.563404800000000250e+03 4.360655872000000272e+03 3.939656448000000182e+03 3.607278847999999925e+03 3.201154304000000138e+03 2.789627136000000064e+03 2.417303808000000117e+03 2.130257152000000133e+03 1.889773926399999937e+03 1.712567987200000061e+03 1.647645030399999996e+03 1.494748927999999978e+03 1.512874393600000076e+03 1.292203263999999990e+03 1.176477772799999912e+03 1.200483763200000112e+03 1.231388416000000007e+03 1.157875712000000021e+03 9.713831168000000389e+02 1.131016448000000082e+03 1.383656960000000026e+03 1.601284172800000078e+03 2.538662400000000162e+03 2.390616575999999895e+03 2.113462528000000020e+03 2.205582335999999941e+03 1.899155711999999994e+03 2.269198847999999998e+03
6.338829568000000290e+04 6.323501567999999679e+04 3.266224127999999837e+04 1.608030207999999948e+04 2.064718079999999827e+04 1.733826048000000083e+04 9.020967679999999746e+03 5.570200319999999920e+03 4.303153919999999744e+03 3.832925439999999981e+03 3.498093824000000041e+03 3.325990400000000136e+03 2.935929599999999937e+03 2.631581696000000193e+03 2.366171648000000005e+03 2.124902912000000015e+03 1.957025791999999910e+03 1.788904448000000002e+03 1.732483584000000064e+03 1.675853644799999984e+03 1.710720332800000051e+03 1.553756339199999957e+03 1.327901951999999937e+03 1.187575808000000052e+03 1.340952755199999956e+03 1.341992191999999932e+03 1.301115238399999953e+03 1.251611212799999976e+03 1.585930675199999996e+03 1.995141120000000001e+03 2.235713279999999941e+03 2.818664192000000185e+03 2.339426559999999881e+03 2.222541311999999834e+03 2.367596288000000186e+03 2.226989312000000155e+03 2.581322495999999774e+03
1.718942566399999851e+04 5.470096383999999671e+04 6.195354624000000331e+04 3.364296959999999672e+04 1.547981055999999990e+04 2.120625152000000162e+04 1.708226048000000083e+04 8.331193343999999342e+03 4.678154239999999845e+03 3.575510784000000058e+03 3.111243775999999798e+03 2.852020992000000206e+03 2.737711616000000049e+03 2.555592959999999948e+03 2.351523328000000220e+03 2.146030079999999998e+03 1.988034047999999984e+03 1.901206425600000102e+03 1.882606592000000092e+03 1.975006847999999991e+03 1.933916416000000027e+03 1.760397056000000021e+03 1.567053951999999981e+03 1.321945446400000037e+03 1.478449920000000020e+03 1.281604096000000027e+03 1.423859123200000113e+03 1.661723263999999972e+03 2.306876671999999871e+03 2.876271487999999863e+03 2.869528064000000086e+03 2.775210496000000148e+03 2.309553919999999835e+03 2.259565184000000045e+03 2.598094591999999921e+03 2.450390015999999832e+03 2.833276159999999891e+03
3.859016192000000046e+03 1.693342566399999851e+04 5.005020672000000195e+04 6.209939968000000226e+04 3.551156736000000092e+04 1.608445030399999996e+04 2.095025152000000162e+04 1.701933055999999851e+04 8.015607039999999870e+03 4.369047295999999733e+03 3.334842880000000150e+03 2.734325760000000173e+03 2.282277376000000004e+03 2.001483263999999963e+03 1.846092544000000089e+03 1.713089535999999953e+03 1.688024063999999953e+03 1.761130368000000090e+03 1.878700031999999965e+03 1.967327999999999975e+03 1.905008307199999990e+03 1.790251955200000111e+03 1.576150272000000086e+03 1.570177791999999954e+03 1.417075456000000031e+03 1.236909824000000071e+03 1.722293939200000068e+03 2.460777728000000025e+03 3.134875648000000183e+03 3.893133311999999933e+03 2.916251647999999932e+03 2.678964992000000166e+03 2.270056704000000082e+03 2.432453120000000126e+03 2.813360384000000067e+03 2.646839039999999841e+03 2.832991488000000118e+03
2.313312767999999778e+03 4.053393152000000100e+03 1.619445119999999952e+04 4.664785663999999815e+04 5.924677120000000286e+04 2.940548607999999876e+04 1.695905535999999847e+04 1.918544127999999910e+04 1.640708095999999932e+04 7.177067519999999604e+03 3.566522624000000178e+03 2.703198464000000058e+03 2.398473727999999937e+03 2.187439359999999851e+03 1.991905535999999984e+03 1.918622464000000036e+03 2.038587903999999980e+03 2.281878783999999996e+03 2.480794112000000041e+03 2.535727616000000125e+03 2.336615679999999884e+03 2.084188160000000153e+03 1.935943680000000086e+03 1.421150873600000068e+03 1.414991692800000010e+03 1.504399359999999888e+03 2.481519871999999850e+03 3.454576128000000153e+03 4.172772863999999572e+03 4.520997631999999612e+03 2.953411071999999876e+03 2.649197311999999783e+03 2.446973440000000210e+03 2.663654144000000088e+03 3.020865279999999984e+03 2.586253056000000015e+03 2.642568703999999798e+03
1.688640255999999908e+03 2.204263680000000022e+03 4.006583039999999983e+03 1.753009920000000056e+04 4.999957504000000336e+04 5.343525888000000123e+04 2.981197567999999956e+04 1.604056575999999950e+04 1.892944127999999910e+04 1.615108095999999932e+04 8.216157183999999688e+03 3.915642367999999806e+03 2.685416704000000209e+03 2.220235263999999916e+03 2.123310080000000198e+03 2.124985087999999905e+03 2.498527999999999793e+03 2.845752063999999791e+03 2.926530560000000150e+03 2.618617600000000039e+03 2.271808512000000064e+03 2.007811404799999991e+03 1.568105113600000095e+03 1.576658944000000020e+03 1.620714496000000054e+03 2.199508992000000035e+03 3.714920959999999923e+03 4.732815359999999600e+03 4.939239168000000063e+03 3.091805183999999826e+03 2.669712896000000001e+03 2.648596223999999893e+03 2.796454400000000078e+03 2.917399296000000049e+03 2.919517440000000079e+03 2.301319680000000062e+03 2.322372351999999864e+03
