data/C3/flowacc.dat
ncols         160
nrows         233
xllcorner     383056
yllcorner     7542000
cellsize      16
NODATA_value  -9999
[rows 16 to 31 of 233, columns 37 to 73 of 160]
7.784788479999999709e+02 7.386509311999999454e+02 7.888087040000000343e+02 4.843347711999999774e+03 3.178024960000000192e+02 3.593395712000000231e+02 6.720489472000000433e+02 6.093432063999999855e+02 7.993521151999999574e+02 7.296948224000000209e+02 6.949294079999999667e+02 3.151644671999999900e+02 4.001185280000000262e+02 8.299232256000000234e+02 1.164237926400000106e+03 1.384484607999999980e+03 5.326504960000000210e+03 2.560000000000000000e+02 2.560000000000000000e+02 3.811555584000000181e+02 6.739437312000000020e+02 9.311348991999999498e+02 1.242220800000000054e+03 3.717259263999999966e+05 1.987392691199999945e+03 1.441387699200000043e+03 2.560000000000000000e+02 2.560000000000000000e+02 5.217423359999999957e+04 4.668396031999999650e+03 8.273242111999999906e+03 7.872871680000000197e+03 7.713974527999999736e+03 8.229787136000000828e+03 8.626782208000000537e+03 8.810086912000000666e+03 9.496177664000000732e+03
5.553619968000000426e+02 4.857046783999999775e+02 4.680480767999999898e+02 4.262970879999999738e+02 4.161050368000000162e+03 3.973017087999999717e+02 4.650280447999999751e+02 4.077037055999999779e+02 5.821629440000000386e+02 4.892444416000000160e+02 4.437333247999999912e+02 3.242666752000000088e+02 5.918972671999999875e+02 9.143687680000000455e+02 1.271642368000000033e+03 1.551127551999999923e+03 3.741691647999999986e+03 2.560000000000000000e+02 2.560000000000000000e+02 4.664888831999999752e+02 7.275456511999999520e+02 1.050191360000000032e+03 1.232263423999999986e+03 3.694257408000000287e+05 2.047143321600000036e+03 1.947816883199999893e+03 1.524069887999999992e+03 2.868947200000000066e+03 2.560000000000000000e+02 4.509404159999999683e+04 1.060802918400000090e+04 8.414261759999999413e+03 6.850859519999999975e+03 5.968663551999999981e+03 6.405907712000000174e+03 6.842251008000000184e+03 7.668517120000000432e+03
4.494222080000000119e+02 3.975901183999999944e+02 5.473834752000000208e+02 8.015508479999999736e+02 3.454093824000000041e+03 6.977333760000000211e+02 5.298813440000000128e+02 4.089678847999999789e+02 4.551111167999999907e+02 2.560000000000000000e+02 2.560000000000000000e+02 4.380444416000000274e+02 5.969541120000000092e+02 8.483102720000000545e+02 1.187055360000000064e+03 1.418556160000000091e+03 1.833375846400000000e+03 2.560000000000000000e+02 2.560000000000000000e+02 4.323555584000000067e+02 6.211002111999999897e+02 7.942868479999999636e+02 8.208262399999999843e+02 3.658903551999999909e+05 2.163342079999999896e+03 2.624531967999999779e+03 2.537127423999999792e+03 2.481006335999999919e+03 3.094279423999999835e+03 2.727078528000000006e+04 1.394272511999999915e+04 1.254471423999999934e+04 1.031634175999999934e+04 7.865745664000000033e+03 6.078121984000000339e+03 5.202490880000000288e+03 4.962851840000000266e+03
3.185777919999999881e+02 4.329876479999999788e+02 5.831462400000000343e+02 7.574411007999999583e+02 1.203935667199999898e+03 8.008257535999999845e+02 5.979794944000000214e+02 4.159209983999999736e+02 3.128888832000000093e+02 2.560000000000000000e+02 2.560000000000000000e+02 3.299555583999999726e+02 5.272968191999999590e+02 7.481436671999999817e+02 9.564933376000000180e+02 1.158974361600000066e+03 1.559576064000000088e+03 2.560000000000000000e+02 2.560000000000000000e+02 4.494222080000000119e+02 6.255249919999999975e+02 7.703204864000000498e+02 8.893746432000000368e+02 3.626501632000000100e+05 2.906544640000000072e+03 3.508073727999999846e+03 4.100328191999999945e+03 4.369872127999999975e+03 4.904083456000000297e+03 1.596532326400000056e+04 1.711912447999999858e+04 1.842778879999999845e+04 1.873091071999999986e+04 1.602268416000000070e+04 1.230365235199999915e+04 8.448715775999999096e+03 6.815005952000000434e+03
3.071999999999999886e+02 3.993600000000000136e+02 5.577386496000000307e+02 7.269793280000000095e+02 1.389929804800000056e+03 7.085827071999999589e+02 5.657283840000000055e+02 3.982222335999999814e+02 2.560000000000000000e+02 2.560000000000000000e+02 2.560000000000000000e+02 2.560000000000000000e+02 4.209777920000000222e+02 5.740720639999999548e+02 7.562449920000000247e+02 9.000512767999999824e+02 2.889063168000000132e+03 2.560000000000000000e+02 2.560000000000000000e+02 5.063110912000000212e+02 6.846894079999999576e+02 7.932334080000000540e+02 7.983762944000000061e+02 3.585982464000000036e+05 3.382910207999999784e+03 3.702919935999999780e+03 3.783204863999999816e+03 4.069851904000000104e+03 4.767314432000000124e+03 8.366549759999999878e+03 9.188991232000000309e+03 1.127675776000000042e+04 1.364633344000000034e+04 1.594047564799999964e+04 1.562321664000000055e+04 1.374680371200000081e+04 8.858354432000000088e+03
4.608000000000000114e+02 4.198399999999999750e+02 4.655786752000000206e+02 4.215390975999999910e+02 2.134912768000000142e+03 6.570781183999999939e+02 5.633460735999999542e+02 4.476523520000000076e+02 4.380444416000000274e+02 3.299555583999999726e+02 2.787555583999999840e+02 4.892444416000000160e+02 5.644641791999999896e+02 6.975841791999999941e+02 9.078905088000000205e+02 1.120081791999999950e+03 4.491807743999999730e+03 2.560000000000000000e+02 2.560000000000000000e+02 5.233778175999999576e+02 7.856988159999999652e+02 1.003539660799999979e+03 1.067519743999999946e+03 3.541609727999999886e+05 4.254296831999999995e+03 4.666755328000000191e+03 5.089332991999999649e+03 5.304878080000000409e+03 5.409511679999999615e+03 5.946359808000000157e+03 6.245517055999999684e+03 7.075763711999999941e+03 8.349204992000000857e+03 1.123495423999999912e+04 1.438452940800000033e+04 1.390774912000000040e+04 1.196840704000000005e+04
6.155377919999999676e+02 5.324800000000000182e+02 5.638827007999999523e+02 5.560396031999999877e+02 2.931737599999999929e+03 8.818552832000000308e+02 4.848000767999999994e+02 6.161698559999999816e+02 2.560000000000000000e+02 4.393086463999999864e+02 4.583980032000000051e+02 4.790044672000000219e+02 6.981151744000000008e+02 8.541137919999999895e+02 1.087352908800000023e+03 1.581468928000000005e+03 6.808576000000000022e+03 2.560000000000000000e+02 2.560000000000000000e+02 4.949333247999999799e+02 7.481520895999999539e+02 9.850851840000000266e+02 1.207966208000000051e+03 3.485831680000000051e+05 4.206008832000000439e+03 4.348190464000000247e+03 5.296985343999999714e+03 6.231055360000000292e+03 6.828350207999999839e+03 7.583480832000000191e+03 7.327480832000000191e+03 7.400387327999999798e+03 7.841400319999999738e+03 9.455532288000000335e+03 1.183955199999999968e+04 1.548069119999999930e+04 1.317583692800000063e+04
8.031447040000000470e+02 7.622099712000000409e+02 8.393614592000000130e+02 8.748674816000000192e+02 3.494045951999999943e+03 1.124010240000000067e+03 9.810145791999999574e+02 5.111375360000000114e+02 3.527111168000000134e+02 4.902979328000000123e+02 5.628769280000000208e+02 7.251072000000000344e+02 9.353020672000000104e+02 1.163752806400000054e+03 1.421646848000000091e+03 1.607033702400000038e+03 8.833431039999999484e+03 2.560000000000000000e+02 2.560000000000000000e+02 5.063110912000000212e+02 7.587713535999999976e+02 1.044010854399999971e+03 1.402547456000000011e+03 3.429131520000000019e+05 5.930745600000000195e+03 6.978627072000000226e+03 8.710658559999999852e+03 9.263241216000000350e+03 9.741639680000000226e+03 8.474508799999999610e+03 3.631798271999999997e+03 5.626330624000000171e+03 5.370330624000000171e+03 5.199702272000000448e+03 5.879238400000000183e+03 8.916604416000000128e+03 1.351284864000000016e+04
1.037658444800000098e+03 1.062372812800000020e+03 1.138978560000000016e+03 2.062372096000000056e+03 3.212525312000000213e+03 1.462703488000000107e+03 1.036432486400000016e+03 5.863270912000000408e+02 3.578943231999999739e+02 5.065967360000000212e+02 4.957011967999999911e+02 8.715352831999999808e+02 1.114050559999999905e+03 1.253010022400000025e+03 1.381763430400000061e+03 1.456187136000000010e+03 1.067142092799999955e+04 2.560000000000000000e+02 2.560000000000000000e+02 4.664888831999999752e+02 7.245115904000000455e+02 1.025654655999999932e+03 1.336213504000000057e+03 3.353238783999999869e+05 7.618228992000000289e+03 7.642553343999999925e+03 5.454542591999999786e+03 3.507872256000000107e+03 1.725279232000000093e+03 1.739935744000000113e+03 6.070646528000000217e+03 3.645116927999999916e+03 3.389116927999999916e+03 3.278843264000000090e+03 3.338651648000000023e+03 3.996984575999999834e+03 9.956455168000000413e+03
1.322758784000000105e+03 1.463651839999999993e+03 1.769126655999999912e+03 3.038432127999999921e+03 2.781959936000000198e+03 1.574013542400000006e+03 1.080541491200000110e+03 6.328442880000000059e+02 6.825606655999999930e+02 4.473809919999999920e+02 2.560000000000000000e+02 5.864674559999999701e+02 8.716011519999999564e+02 1.171861939200000052e+03 1.397418752000000040e+03 1.929771366400000034e+03 1.446183424000000014e+04 2.560000000000000000e+02 2.560000000000000000e+02 3.811555584000000181e+02 7.079506175999999869e+02 1.063864319999999907e+03 1.539296640000000025e+03 3.261134335999999894e+05 8.322419200000000274e+03 4.949553152000000409e+03 2.882260736000000179e+03 2.077575167999999849e+03 1.968525388799999973e+03 2.027627929600000016e+03 2.415856127999999899e+03 9.735418111999999837e+02 1.537589606400000093e+03 1.441788160000000062e+03 1.240941158399999949e+03 1.136470528000000058e+03 1.523891456000000062e+03
1.687643315199999961e+03 2.103462656000000152e+03 2.606362111999999797e+03 3.354509824000000208e+03 2.471812992000000122e+03 1.546976307200000065e+03 1.146468019200000072e+03 8.679453184000000192e+02 7.315545600000000377e+02 4.250105856000000131e+02 3.811555584000000181e+02 3.868444415999999819e+02 5.948478976000000102e+02 9.200552959999999985e+02 1.233949440000000095e+03 1.380264959999999974e+03 2.560000000000000000e+02 1.566218956799999978e+04 2.560000000000000000e+02 2.560000000000000000e+02 5.625678592000000435e+02 9.476564991999999847e+02 4.924143103999999767e+02 3.159957248000000254e+05 2.294870272000000114e+04 1.223031628799999999e+04 5.222241791999999805e+03 4.191551999999999680e+03 3.884846079999999802e+03 3.423472896000000219e+03 2.703476224000000002e+03 3.552788223999999900e+03 2.718373888000000079e+03 2.409252864000000045e+03 2.253404160000000047e+03 2.365347072000000026e+03 2.791782912000000124e+03
2.175195647999999892e+03 3.057502464000000145e+03 3.195412351999999828e+03 3.300608511999999791e+03 2.125080575999999837e+03 1.543647488000000067e+03 1.313944064000000026e+03 9.081994240000000218e+02 7.155322367999999642e+02 5.436113920000000235e+02 5.101037056000000121e+02 3.591585023999999748e+02 5.396858879999999772e+02 6.129087488000000121e+02 7.533678079999999682e+02 7.172560383999999658e+02 7.341707264000000350e+02 1.684954112000000168e+04 2.560000000000000000e+02 2.560000000000000000e+02 5.461333504000000403e+02 2.685015040000000113e+02 2.482424064000000071e+05 1.177066316799999913e+04 3.228552448000000004e+04 3.105719142400000055e+04 2.129134591999999975e+04 1.223658751999999913e+04 8.415353600000000370e+03 6.527912191999999777e+03 5.416563199999999597e+03 4.268551679999999578e+03 3.187056639999999788e+03 2.386803968000000168e+03 2.228765183999999863e+03 2.188393983999999818e+03 2.083264000000000124e+03
2.882152447999999822e+03 3.810044671999999991e+03 3.372511743999999908e+03 3.040187648000000081e+03 2.014841087999999900e+03 1.636302848000000040e+03 1.382325503999999910e+03 9.103798784000000524e+02 8.289373696000000109e+02 6.646611967999999706e+02 5.507265535999999884e+02 4.954390271999999982e+02 5.076427264000000150e+02 6.637626880000000256e+02 8.552293631999999661e+02 1.056903168000000051e+03 1.223174144000000069e+03 1.857462886399999843e+04 2.560000000000000000e+02 2.560000000000000000e+02 2.560000000000000000e+02 2.082492799999999988e+05 7.065266687999999704e+03 3.145571071999999913e+04 1.439332863999999972e+04 1.592540339200000017e+04 1.910584063999999853e+04 1.827901183999999921e+04 1.246604543999999987e+04 8.042497024000000238e+03 5.063380736000000070e+03 4.014049535999999989e+03 3.753398271999999906e+03 3.934573056000000179e+03 4.015915775999999823e+03 4.203984895999999935e+03 4.521308672000000115e+03
3.608031743999999890e+03 4.308691968000000088e+03 3.159973375999999917e+03 2.723363839999999982e+03 1.995960831999999982e+03 1.677833139200000005e+03 1.361177599999999984e+03 9.946430719999999610e+02 9.130241792000000487e+02 7.657897983999999951e+02 6.132744192000000112e+02 5.532634368000000222e+02 4.026523391999999717e+02 6.169904127999999446e+02 8.798682880000000068e+02 1.142280191999999943e+03 1.650942463999999973e+03 2.188207231999999931e+04 2.560000000000000000e+02 2.560000000000000000e+02 1.745108992000000144e+05 2.560000000000000000e+02 3.242423296000000119e+04 2.357053951999999845e+04 1.300474367999999959e+04 9.841239040000000386e+03 1.428455680000000029e+04 1.538291404800000055e+04 1.683434495999999854e+04 1.523982233599999927e+04 1.176311628799999926e+04 5.056027391999999963e+03 5.296619263999999930e+03 6.130482944000000316e+03 7.750201087999999800e+03 9.093600512000000890e+03 9.554105343999999604e+03
3.899105791999999838e+03 4.411706624000000375e+03 2.885128192000000126e+03 2.578999040000000150e+03 1.960173465600000100e+03 1.869035878400000001e+03 1.371636608000000024e+03 1.067577036800000087e+03 1.089201792000000069e+03 8.487962112000000161e+02 6.670607872000000498e+02 4.527158784000000082e+02 4.796957439999999906e+02 4.349565951999999811e+02 8.422041600000000017e+02 1.061307750400000032e+03 1.251952025600000070e+03 2.560000000000000000e+02 2.260456192000000010e+04 1.675032652799999923e+05 2.560000000000000000e+02 5.983652352000000064e+03 2.527960575999999855e+04 2.066587647999999899e+04 1.341181055999999990e+04 8.437106432000000495e+03 9.401664000000000669e+03 7.967781632000000172e+03 1.001146777599999950e+04 1.266961407999999938e+04 1.567643750399999954e+04 2.153761126399999921e+04 4.136467711999999665e+03 1.255771775999999954e+04 1.390857804799999940e+04 1.305655808000000070e+04 1.092009216000000015e+04
1.092776857600000085e+03 1.719006720000000132e+04 1.102501759999999922e+04 8.381334016000000702e+03 5.860318720000000212e+03 3.781896192000000156e+03 1.323577036800000087e+03 1.345201792000000069e+03 1.145821183999999903e+03 9.230607872000000498e+02 6.483537664000000404e+02 6.468192255999999816e+02 4.052386816000000067e+02 2.560000000000000000e+02 6.813449728000000505e+02 9.091578368000000410e+02 3.975076864000000114e+02 6.181736959999999499e+02 1.435269990399999951e+05 6.562039296000000377e+02 4.367372543999999834e+02 5.994054656000000250e+03 1.757294847999999911e+04 1.901714175999999861e+04 1.378444543999999951e+04 1.051987891200000013e+04 7.888472576000000117e+03 6.096895488000000114e+03 6.268776447999999618e+03 6.651313919999999598e+03 6.864784128000000237e+03 5.679159295999999813e+03 2.154633216000000175e+04 1.178510924800000066e+04 8.047580928000000313e+03 6.028494080000000395e+03 5.290943231999999625e+03
