data/C3/LAI_conif.dat
ncols         160
nrows         233
xllcorner     383056
yllcorner     7542000
cellsize      16
NODATA_value  -9999
[rows 80 to 95 of 233, columns 37 to 73 of 160]
2.059899999999999842e+00 2.466400000000000148e+00 2.193000000000000060e+00 2.263700000000000045e+00 2.309300000000000352e+00 1.936400000000000343e+00 1.729200000000000070e+00 3.467999999999999972e-01 3.807999999999999718e-01 1.291999999999999815e-01 7.888000000000000567e-01 4.760000000000000342e-01 2.549100000000000144e+00 2.728200000000000180e+00 2.647800000000000153e+00 2.761200000000000099e+00 2.313000000000000167e+00 1.794600000000000195e+00 2.281700000000000284e+00 2.148699999999999832e+00 1.316400000000000015e+00 1.485700000000000021e+00 1.797700000000000076e+00 1.303199999999999914e+00 1.750600000000000156e+00 4.841000000000000303e-01 1.412100000000000133e+00 1.586000000000000076e+00 2.464500000000000135e+00 2.440399999999999903e+00 2.372700000000000031e+00 2.336400000000000254e+00 1.805099999999999927e+00 2.077700000000000102e+00 1.841900000000000093e+00 2.043400000000000105e+00 2.040200000000000014e+00
1.923599999999999977e+00 1.950600000000000112e+00 2.650900000000000034e+00 2.236800000000000122e+00 2.071299999999999919e+00 2.170999999999999819e+00 1.709999999999999964e+00 4.079999999999999738e-01 4.963999999999999524e-01 1.700000000000000122e-01 1.224000000000000088e-01 1.074400000000000022e+00 2.286400000000000432e+00 2.375300000000000189e+00 2.497100000000000097e+00 2.750900000000000567e+00 2.200899999999999856e+00 1.746500000000000163e+00 1.863500000000000156e+00 2.278799999999999937e+00 1.609100000000000197e+00 1.559200000000000141e+00 1.095400000000000151e+00 2.159400000000000208e+00 4.030000000000000249e-01 6.377999999999999226e-01 1.536900000000000155e+00 1.629299999999999971e+00 1.503400000000000070e+00 1.242300000000000182e+00 1.304499999999999993e+00 1.812300000000000022e+00 2.065200000000000369e+00 1.630600000000000049e+00 2.042799999999999727e+00 2.038600000000000190e+00 2.199500000000000455e+00
1.247999999999999998e+00 2.070899999999999963e+00 2.002400000000000180e+00 2.480399999999999938e+00 2.371999999999999886e+00 1.962899999999999867e+00 5.702000000000000401e-01 7.004000000000000226e-01 4.556000000000000050e-01 3.264000000000000234e-01 2.442000000000000282e-01 1.203600000000000225e+00 1.543100000000000138e+00 2.009200000000000319e+00 2.194500000000000117e+00 2.246199999999999974e+00 2.023800000000000043e+00 1.714199999999999946e+00 2.274999999999999911e+00 2.511899999999999800e+00 1.708699999999999886e+00 1.963600000000000234e+00 1.181599999999999984e+00 3.032000000000000250e-01 3.147000000000000353e-01 1.813600000000000101e+00 1.551900000000000057e+00 1.970000000000000195e+00 2.375500000000000167e+00 2.388500000000000068e+00 2.180400000000000116e+00 2.246599999999999930e+00 2.318999999999999950e+00 2.230900000000000105e+00 2.185400000000000453e+00 1.645600000000000174e+00 2.184600000000000097e+00
1.775000000000000133e+00 1.197900000000000187e+00 1.650900000000000034e+00 2.243500000000000050e+00 1.790000000000000036e+00 1.576000000000000068e+00 5.339000000000000412e-01 7.632999999999999785e-01 6.108000000000000096e-01 1.786200000000000232e+00 1.746600000000000152e+00 1.019100000000000117e+00 1.131699999999999928e+00 1.295500000000000096e+00 1.492799999999999905e+00 2.199699999999999989e+00 1.914700000000000291e+00 1.300699999999999967e+00 1.788800000000000168e+00 2.000000000000000042e-02 1.278600000000000181e+00 2.393000000000000238e+00 1.521100000000000119e+00 3.760000000000000009e-01 9.248000000000000664e-01 1.558699999999999974e+00 2.048399999999999999e+00 2.339199999999999946e+00 2.427400000000000002e+00 1.958299999999999930e+00 2.736600000000000144e+00 2.668200000000000127e+00 2.531299999999999883e+00 2.309099999999999930e+00 2.151900000000000368e+00 2.153799999999999937e+00 2.276500000000000412e+00
1.160200000000000120e+00 1.323699999999999877e+00 1.614800000000000013e+00 2.263500000000000068e+00 1.591299999999999937e+00 1.147800000000000153e+00 5.589999999999999414e-01 6.769000000000000572e-01 1.875499999999999945e+00 1.885400000000000187e+00 2.269000000000000128e+00 8.903000000000000913e-01 1.410400000000000098e+00 1.221999999999999975e+00 1.831500000000000128e+00 2.137500000000000178e+00 1.875999999999999890e+00 1.634100000000000108e+00 1.820100000000000051e+00 2.000000000000000042e-02 2.374900000000000233e+00 1.671800000000000175e+00 1.472600000000000131e+00 6.316000000000000503e-01 5.502000000000000224e-01 2.112999999999999989e+00 3.021500000000000075e+00 2.738100000000000200e+00 2.436300000000000132e+00 2.453999999999999737e+00 2.710500000000000576e+00 2.652500000000000302e+00 2.489700000000000024e+00 2.297600000000000087e+00 2.180600000000000094e+00 2.212400000000000144e+00 2.261499999999999844e+00
1.882000000000000062e-01 1.453799999999999981e+00 1.778399999999999981e+00 2.077300000000000146e+00 1.933600000000000207e+00 1.122100000000000097e+00 5.005000000000000560e-01 5.649999999999999467e-01 2.337499999999999911e+00 2.428900000000000503e+00 1.986800000000000122e+00 2.102800000000000225e+00 1.963100000000000289e+00 2.436599999999999877e+00 2.609600000000000364e+00 2.817800000000000082e+00 2.341600000000000126e+00 1.738200000000000189e+00 1.829000000000000181e+00 2.000000000000000042e-02 1.519900000000000251e+00 1.797800000000000065e+00 1.503400000000000070e+00 1.296400000000000219e+00 1.891000000000000014e+00 2.069399999999999906e+00 2.238099999999999756e+00 2.234399999999999942e+00 2.109900000000000109e+00 2.223800000000000221e+00 2.001999999999999780e+00 2.144899999999999807e+00 2.252100000000000435e+00 2.316399999999999793e+00 2.257899999999999796e+00 2.205600000000000005e+00 2.046899999999999942e+00
1.692000000000000171e-01 5.688999999999999613e-01 1.029500000000000082e+00 2.694500000000000117e+00 1.987300000000000066e+00 5.036000000000000476e-01 5.136000000000000565e-01 1.569800000000000306e+00 1.854400000000000048e+00 2.125399999999999956e+00 3.155700000000000394e+00 2.641000000000000014e+00 2.798700000000000188e+00 3.233500000000000263e+00 3.202199999999999935e+00 3.111199999999999743e+00 2.384600000000000275e+00 1.729199999999999848e+00 1.796100000000000030e+00 2.000000000000000042e-02 1.702700000000000102e+00 1.714400000000000146e+00 1.365000000000000213e+00 8.908000000000000362e-01 1.576500000000000234e+00 1.658200000000000118e+00 1.907599999999999962e+00 2.380700000000000038e+00 1.853300000000000169e+00 2.182800000000000296e+00 2.136800000000000033e+00 2.326799999999999979e+00 2.305900000000000283e+00 2.354499999999999815e+00 2.267100000000000115e+00 2.113199999999999967e+00 2.523499999999999854e+00
1.768000000000000127e-01 8.947000000000000508e-01 6.989000000000000767e-01 2.424500000000000099e+00 1.384600000000000053e+00 8.636000000000000343e-01 4.183999999999999941e-01 1.431400000000000006e+00 2.163599999999999746e+00 2.999600000000000044e+00 2.377100000000000435e+00 2.375200000000000422e+00 2.470299999999999940e+00 2.798700000000000188e+00 3.355000000000000426e+00 3.108600000000000030e+00 2.431099999999999817e+00 1.616999999999999993e+00 1.828500000000000014e+00 2.000000000000000042e-02 2.063299999999999912e+00 9.173000000000001153e-01 1.026599999999999957e+00 9.479999999999999538e-01 2.289099999999999913e+00 2.157999999999999918e+00 1.914000000000000146e+00 2.378099999999999881e+00 1.795200000000000129e+00 2.214700000000000113e+00 2.082500000000000018e+00 2.580700000000000216e+00 2.530400000000000205e+00 2.529200000000000337e+00 2.130900000000000460e+00 2.666600000000000303e+00 2.703700000000000436e+00
0.000000000000000000e+00 2.279999999999999805e-01 6.555999999999999606e-01 1.992500000000000160e+00 1.031099999999999905e+00 1.517399999999999860e+00 1.196799999999999864e+00 1.318200000000000038e+00 1.628700000000000259e+00 2.451999999999999957e+00 2.267199999999999882e+00 1.755900000000000016e+00 2.086600000000000232e+00 2.333000000000000185e+00 2.638400000000000301e+00 2.646799999999999820e+00 2.406300000000000328e+00 2.346100000000000296e+00 1.726900000000000102e+00 2.000000000000000042e-02 7.560999999999999943e-01 7.726999999999999424e-01 1.214900000000000091e+00 1.472900000000000098e+00 2.410000000000000142e+00 3.233300000000000285e+00 2.661200000000000010e+00 2.129500000000000171e+00 2.348799999999999777e+00 2.344599999999999795e+00 2.421000000000000263e+00 2.427299999999999791e+00 2.408799999999999830e+00 2.689099999999999824e+00 2.740800000000000125e+00 2.901100000000000456e+00 2.726700000000000124e+00
0.000000000000000000e+00 1.563999999999999835e-01 8.696000000000000396e-01 2.230599999999999916e+00 1.320699999999999985e+00 6.447000000000000508e-01 8.839000000000000190e-01 1.471899999999999986e+00 1.754999999999999893e+00 2.000900000000000123e+00 1.495300000000000296e+00 2.468199999999999950e+00 2.106000000000000316e+00 2.391399999999999970e+00 2.398699999999999832e+00 2.392600000000000282e+00 2.176700000000000301e+00 1.597399999999999931e+00 1.434500000000000108e+00 2.000000000000000042e-02 8.498999999999999888e-01 1.045700000000000074e+00 7.589000000000000190e-01 1.787700000000000067e+00 2.310100000000000264e+00 3.327599999999999891e+00 2.705300000000000260e+00 2.754999999999999893e+00 2.779600000000000293e+00 2.772800000000000153e+00 2.439300000000000246e+00 2.569900000000000073e+00 2.611500000000000377e+00 2.647400000000000198e+00 2.886200000000000099e+00 2.894300000000000317e+00 2.446299999999999919e+00
8.160000000000000586e-02 7.414999999999999369e-01 1.700300000000000145e+00 1.324500000000000011e+00 1.381099999999999994e+00 3.671999999999999709e-01 2.787999999999999923e-01 1.207400000000000029e+00 2.152099999999999902e+00 1.459900000000000198e+00 1.643100000000000005e+00 1.297900000000000054e+00 2.090100000000000069e+00 2.267199999999999882e+00 2.363500000000000156e+00 2.371299999999999741e+00 1.747900000000000231e+00 8.913999999999999702e-01 9.619999999999999662e-01 7.737000000000000544e-01 1.017300000000000093e+00 1.269199999999999884e+00 1.025500000000000078e+00 2.156100000000000350e+00 2.594400000000000261e+00 3.252899999999999903e+00 2.743400000000000283e+00 2.738700000000000134e+00 2.752800000000000136e+00 2.746000000000000441e+00 2.650000000000000355e+00 2.632200000000000095e+00 2.636900000000000244e+00 2.666699999999999626e+00 3.189099999999999824e+00 2.787500000000000089e+00 2.033999999999999808e+00
1.768000000000000127e-01 4.712000000000000077e-01 1.387700000000000156e+00 1.057500000000000107e+00 2.719999999999999848e-02 1.587999999999999967e-01 4.080000000000000293e-02 2.603000000000000314e-01 1.087400000000000144e+00 1.739000000000000101e+00 1.454600000000000115e+00 9.636000000000000121e-01 1.168400000000000105e+00 2.162700000000000067e+00 1.958700000000000108e+00 1.582999999999999963e+00 1.499500000000000055e+00 1.207100000000000062e+00 8.932999999999999829e-01 7.134000000000000341e-01 1.007900000000000018e+00 1.145899999999999919e+00 1.065500000000000114e+00 2.272100000000000009e+00 3.339599999999999902e+00 3.229200000000000514e+00 3.191699999999999982e+00 3.193799999999999972e+00 3.191699999999999982e+00 2.888799999999999812e+00 2.886200000000000099e+00 2.690700000000000536e+00 2.881499999999999950e+00 3.179200000000000248e+00 2.906800000000000495e+00 2.439999999999999947e+00 2.025800000000000267e+00
0.000000000000000000e+00 3.696000000000000396e-01 1.074899999999999967e+00 9.051000000000000156e-01 4.078000000000000513e-01 5.439999999999999697e-02 4.080000000000000293e-02 7.479999999999999150e-02 2.991999999999999660e-01 4.079999999999999738e-01 3.443999999999999839e-01 3.492999999999999994e-01 3.806999999999999829e-01 1.439199999999999813e+00 1.014899999999999913e+00 1.105799999999999894e+00 1.388100000000000112e+00 1.613900000000000112e+00 6.723999999999999977e-01 1.853600000000000136e+00 9.191000000000000281e-01 1.012799999999999923e+00 2.080999999999999961e+00 2.450499999999999901e+00 3.224000000000000199e+00 3.393700000000000383e+00 3.210499999999999687e+00 3.201100000000000279e+00 3.196400000000000130e+00 3.144300000000000317e+00 3.154200000000000337e+00 3.163600000000000190e+00 3.163600000000000190e+00 3.184400000000000119e+00 2.748099999999999987e+00 2.438399999999999679e+00 2.025100000000000122e+00
0.000000000000000000e+00 3.949000000000000288e-01 1.494299999999999962e+00 2.243900000000000006e+00 3.400000000000000244e-02 1.156000000000000083e-01 5.169999999999999596e-02 8.160000000000000586e-02 5.847999999999999865e-01 7.226000000000000201e-01 7.890000000000000346e-01 5.564000000000000057e-01 6.326000000000000512e-01 1.768000000000000127e-01 3.059999999999999942e-01 1.464599999999999902e+00 1.033099999999999907e+00 2.264200000000000212e+00 2.110500000000000043e+00 2.814000000000000057e+00 1.927600000000000202e+00 2.279799999999999827e+00 1.308100000000000041e+00 2.550500000000000433e+00 3.218799999999999883e+00 2.955000000000000071e+00 2.930000000000000160e+00 2.923799999999999955e+00 2.894800000000000040e+00 3.169300000000000228e+00 3.189099999999999824e+00 3.208400000000000141e+00 3.198999999999999844e+00 3.174500000000000099e+00 2.894800000000000040e+00 2.778100000000000236e+00 2.048300000000000232e+00
6.800000000000000488e-02 1.835999999999999854e-01 5.100000000000000089e-01 1.941200000000000037e+00 1.550900000000000167e+00 3.195999999999999952e-01 0.000000000000000000e+00 1.176000000000000101e-01 2.107999999999999874e-01 6.120000000000000440e-02 2.737999999999999878e-01 1.903999999999999859e-01 2.863999999999999879e-01 1.315999999999999948e-01 1.738999999999999990e-01 2.038000000000000367e-01 2.376599999999999824e+00 1.603099999999999969e+00 1.742900000000000116e+00 1.755399999999999849e+00 2.000000000000000042e-02 2.024999999999999911e+00 1.406700000000000061e+00 2.174900000000000055e+00 2.717300000000000271e+00 3.577999999999999847e+00 3.610400000000000276e+00 3.523099999999999898e+00 3.530399999999999761e+00 2.919099999999999806e+00 2.933699999999999974e+00 3.191199999999999815e+00 2.897400000000000198e+00 3.161999999999999922e+00 3.181799999999999962e+00 3.183100000000000041e+00 2.636700000000000266e+00
6.800000000000000488e-02 1.156000000000000083e-01 2.174000000000000099e-01 1.969400000000000039e+00 1.847200000000000175e+00 2.787999999999999923e-01 0.000000000000000000e+00 0.000000000000000000e+00 0.000000000000000000e+00 1.495999999999999830e-01 3.041000000000000369e-01 2.983999999999999986e-01 0.000000000000000000e+00 0.000000000000000000e+00 1.456999999999999962e-01 4.274000000000000021e-01 4.692000000000000060e-01 1.841300000000000159e+00 1.510200000000000209e+00 2.007200000000000095e+00 2.000000000000000042e-02 1.515500000000000069e+00 2.158500000000000085e+00 2.235600000000000254e+00 2.196200000000000152e+00 2.158800000000000274e+00 2.327399999999999913e+00 3.509999999999999787e+00 2.934199999999999697e+00 2.935200000000000031e+00 2.932599999999999874e+00 2.921200000000000241e+00 2.737700000000000244e+00 3.214100000000000179e+00 3.241200000000000081e+00 3.240400000000000169e+00 2.677400000000000002e+00
