data/C3/LAI_conif.dat
ncols         160
nrows         233
xllcorner     383056
yllcorner     7542000
cellsize      16
NODATA_value  -9999
[rows 32 to 47 of 233, columns 111 to 147 of 160]
2.042899999999999938e+00 2.195199999999999818e+00 2.027400000000000091e+00 2.130100000000000104e+00 2.109200000000000408e+00 2.109200000000000408e+00 1.706999999999999851e+00 1.688200000000000145e+00 1.688200000000000145e+00 1.933699999999999974e+00 1.933699999999999974e+00 1.475600000000000023e+00 1.475600000000000023e+00 -9.999000000000000000e+03 -9.999000000000000000e+03 -9.999000000000000000e+03 -9.999000000000000000e+03 -9.999000000000000000e+03 -9.999000000000000000e+03 -9.999000000000000000e+03 -9.999000000000000000e+03 -9.999000000000000000e+03 -9.999000000000000000e+03 -9.999000000000000000e+03 -9.999000000000000000e+03 -9.999000000000000000e+03 -9.999000000000000000e+03 -9.999000000000000000e+03 -9.999000000000000000e+03 -9.999000000000000000e+03 -9.999000000000000000e+03 -9.999000000000000000e+03 -9.999000000000000000e+03 -9.999000000000000000e+03 -9.999000000000000000e+03 -9.999000000000000000e+03 -9.999000000000000000e+03
1.900700000000000056e+00 1.905899999999999928e+00 1.936700000000000088e+00 1.824000000000000066e+00 1.824000000000000066e+00 1.824000000000000066e+00 2.022000000000000242e+00 1.787400000000000100e+00 1.977500000000000036e+00 1.997900000000000009e+00 1.997900000000000009e+00 1.788699999999999957e+00 1.631200000000000205e+00 1.470199999999999951e+00 -9.999000000000000000e+03 -9.999000000000000000e+03 -9.999000000000000000e+03 -9.999000000000000000e+03 -9.999000000000000000e+03 -9.999000000000000000e+03 -9.999000000000000000e+03 -9.999000000000000000e+03 -9.999000000000000000e+03 -9.999000000000000000e+03 -9.999000000000000000e+03 -9.999000000000000000e+03 -9.999000000000000000e+03 -9.999000000000000000e+03 -9.999000000000000000e+03 -9.999000000000000000e+03 -9.999000000000000000e+03 -9.999000000000000000e+03 -9.999000000000000000e+03 -9.999000000000000000e+03 -9.999000000000000000e+03 -9.999000000000000000e+03 -9.999000000000000000e+03
1.900700000000000056e+00 1.905899999999999928e+00 1.936700000000000088e+00 1.824000000000000066e+00 1.824000000000000066e+00 1.824000000000000066e+00 2.028799999999999937e+00 1.787400000000000100e+00 1.977500000000000036e+00 1.997900000000000009e+00 1.997900000000000009e+00 1.631200000000000205e+00 1.631200000000000205e+00 1.470199999999999951e+00 2.010500000000000398e+00 2.010500000000000398e+00 -9.999000000000000000e+03 -9.999000000000000000e+03 -9.999000000000000000e+03 -9.999000000000000000e+03 -9.999000000000000000e+03 -9.999000000000000000e+03 -9.999000000000000000e+03 -9.999000000000000000e+03 -9.999000000000000000e+03 -9.999000000000000000e+03 -9.999000000000000000e+03 -9.999000000000000000e+03 -9.999000000000000000e+03 -9.999000000000000000e+03 -9.999000000000000000e+03 -9.999000000000000000e+03 -9.999000000000000000e+03 -9.999000000000000000e+03 -9.999000000000000000e+03 -9.999000000000000000e+03 -9.999000000000000000e+03
1.900700000000000056e+00 1.905899999999999928e+00 1.936700000000000088e+00 1.824000000000000066e+00 1.824000000000000066e+00 1.824000000000000066e+00 2.028799999999999937e+00 1.787400000000000100e+00 1.977500000000000036e+00 1.997900000000000009e+00 1.997900000000000009e+00 1.631200000000000205e+00 1.631200000000000205e+00 1.470199999999999951e+00 2.010500000000000398e+00 2.010500000000000398e+00 2.010500000000000398e+00 -9.999000000000000000e+03 -9.999000000000000000e+03 -9.999000000000000000e+03 -9.999000000000000000e+03 -9.999000000000000000e+03 -9.999000000000000000e+03 -9.999000000000000000e+03 -9.999000000000000000e+03 -9.999000000000000000e+03 -9.999000000000000000e+03 -9.999000000000000000e+03 -9.999000000000000000e+03 -9.999000000000000000e+03 -9.999000000000000000e+03 -9.999000000000000000e+03 -9.999000000000000000e+03 -9.999000000000000000e+03 -9.999000000000000000e+03 -9.999000000000000000e+03 -9.999000000000000000e+03
2.108200000000000074e+00 1.933499999999999996e+00 1.831199999999999939e+00 1.999500000000000277e+00 1.897899999999999920e+00 1.897899999999999920e+00 2.402600000000000513e+00 2.125900000000000123e+00 2.125900000000000123e+00 2.041700000000000070e+00 2.041700000000000070e+00 1.781200000000000117e+00 1.781200000000000117e+00 1.728400000000000158e+00 1.706999999999999851e+00 1.706999999999999851e+00 1.706999999999999851e+00 1.671399999999999997e+00 -9.999000000000000000e+03 -9.999000000000000000e+03 -9.999000000000000000e+03 -9.999000000000000000e+03 -9.999000000000000000e+03 -9.999000000000000000e+03 -9.999000000000000000e+03 -9.999000000000000000e+03 -9.999000000000000000e+03 -9.999000000000000000e+03 -9.999000000000000000e+03 -9.999000000000000000e+03 -9.999000000000000000e+03 -9.999000000000000000e+03 -9.999000000000000000e+03 -9.999000000000000000e+03 -9.999000000000000000e+03 -9.999000000000000000e+03 -9.999000000000000000e+03
1.964600000000000124e+00 2.018400000000000194e+00 1.994299999999999962e+00 1.462400000000000144e+00 1.462400000000000144e+00 1.462400000000000144e+00 1.873499999999999943e+00 2.052700000000000191e+00 2.052700000000000191e+00 2.162400000000000322e+00 2.162400000000000322e+00 1.996900000000000119e+00 1.996900000000000119e+00 1.511500000000000066e+00 1.842300000000000271e+00 1.842300000000000271e+00 1.842300000000000271e+00 1.588300000000000267e+00 1.316600000000000215e+00 -9.999000000000000000e+03 -9.999000000000000000e+03 -9.999000000000000000e+03 -9.999000000000000000e+03 -9.999000000000000000e+03 -9.999000000000000000e+03 -9.999000000000000000e+03 -9.999000000000000000e+03 -9.999000000000000000e+03 -9.999000000000000000e+03 -9.999000000000000000e+03 -9.999000000000000000e+03 -9.999000000000000000e+03 -9.999000000000000000e+03 -9.999000000000000000e+03 -9.999000000000000000e+03 -9.999000000000000000e+03 -9.999000000000000000e+03
2.018400000000000194e+00 2.018400000000000194e+00 1.994299999999999962e+00 1.462400000000000144e+00 1.462400000000000144e+00 1.462400000000000144e+00 1.873499999999999943e+00 2.052700000000000191e+00 2.052700000000000191e+00 9.042000000000001148e-01 9.042000000000001148e-01 1.996900000000000119e+00 1.996900000000000119e+00 1.511500000000000066e+00 1.842300000000000271e+00 1.842300000000000271e+00 1.890900000000000247e+00 1.797400000000000109e+00 1.300899999999999945e+00 1.431599999999999984e+00 -9.999000000000000000e+03 -9.999000000000000000e+03 -9.999000000000000000e+03 -9.999000000000000000e+03 -9.999000000000000000e+03 -9.999000000000000000e+03 -9.999000000000000000e+03 -9.999000000000000000e+03 -9.999000000000000000e+03 -9.999000000000000000e+03 -9.999000000000000000e+03 -9.999000000000000000e+03 -9.999000000000000000e+03 -9.999000000000000000e+03 -9.999000000000000000e+03 -9.999000000000000000e+03 -9.999000000000000000e+03
1.869500000000000162e+00 1.869500000000000162e+00 1.837600000000000122e+00 1.729999999999999982e+00 1.729999999999999982e+00 1.729999999999999982e+00 2.241499999999999826e+00 1.704700000000000104e+00 1.323599999999999888e+00 1.545500000000000096e+00 1.545500000000000096e+00 1.616600000000000037e+00 1.656300000000000106e+00 9.502000000000000446e-01 2.346400000000000041e+00 2.346400000000000041e+00 2.346400000000000041e+00 1.692299999999999915e+00 9.778999999999999915e-01 1.454600000000000115e+00 1.454600000000000115e+00 -9.999000000000000000e+03 -9.999000000000000000e+03 -9.999000000000000000e+03 -9.999000000000000000e+03 -9.999000000000000000e+03 -9.999000000000000000e+03 -9.999000000000000000e+03 -9.999000000000000000e+03 -9.999000000000000000e+03 -9.999000000000000000e+03 -9.999000000000000000e+03 -9.999000000000000000e+03 -9.999000000000000000e+03 -9.999000000000000000e+03 -9.999000000000000000e+03 -9.999000000000000000e+03
1.869500000000000162e+00 1.869500000000000162e+00 1.837600000000000122e+00 1.729999999999999982e+00 1.729999999999999982e+00 1.729999999999999982e+00 2.241499999999999826e+00 1.704700000000000104e+00 1.323599999999999888e+00 1.545500000000000096e+00 1.545500000000000096e+00 1.616600000000000037e+00 1.656300000000000106e+00 9.502000000000000446e-01 2.346400000000000041e+00 2.346400000000000041e+00 2.346400000000000041e+00 1.692299999999999915e+00 9.778999999999999915e-01 1.454600000000000115e+00 1.454600000000000115e+00 1.540300000000000002e+00 -9.999000000000000000e+03 -9.999000000000000000e+03 -9.999000000000000000e+03 -9.999000000000000000e+03 -9.999000000000000000e+03 -9.999000000000000000e+03 -9.999000000000000000e+03 -9.999000000000000000e+03 -9.999000000000000000e+03 -9.999000000000000000e+03 -9.999000000000000000e+03 -9.999000000000000000e+03 -9.999000000000000000e+03 -9.999000000000000000e+03 -9.999000000000000000e+03
1.855799999999999894e+00 1.855799999999999894e+00 1.965100000000000069e+00 1.805800000000000072e+00 1.805800000000000072e+00 1.805800000000000072e+00 1.672000000000000153e+00 1.968700000000000117e+00 1.948300000000000143e+00 1.768600000000000172e+00 1.768600000000000172e+00 1.755799999999999805e+00 1.755799999999999805e+00 1.987500000000000044e+00 1.996900000000000119e+00 1.996900000000000119e+00 1.996900000000000119e+00 1.675400000000000222e+00 1.471299999999999830e+00 1.535600000000000076e+00 1.535600000000000076e+00 1.453100000000000058e+00 1.178599999999999870e+00 -9.999000000000000000e+03 -9.999000000000000000e+03 -9.999000000000000000e+03 -9.999000000000000000e+03 -9.999000000000000000e+03 -9.999000000000000000e+03 -9.999000000000000000e+03 -9.999000000000000000e+03 -9.999000000000000000e+03 -9.999000000000000000e+03 -9.999000000000000000e+03 -9.999000000000000000e+03 -9.999000000000000000e+03 -9.999000000000000000e+03
1.855799999999999894e+00 1.855799999999999894e+00 1.965100000000000069e+00 1.805800000000000072e+00 1.805800000000000072e+00 1.805800000000000072e+00 1.968700000000000117e+00 1.948300000000000143e+00 1.948300000000000143e+00 1.768600000000000172e+00 1.768600000000000172e+00 1.593599999999999905e+00 1.593599999999999905e+00 1.988500000000000156e+00 1.834400000000000031e+00 1.834400000000000031e+00 1.834400000000000031e+00 1.692099999999999937e+00 1.535600000000000076e+00 1.471299999999999830e+00 1.471299999999999830e+00 1.301400000000000112e+00 1.058899999999999952e+00 1.058899999999999952e+00 1.562900000000000178e+00 -9.999000000000000000e+03 -9.999000000000000000e+03 -9.999000000000000000e+03 -9.999000000000000000e+03 -9.999000000000000000e+03 -9.999000000000000000e+03 -9.999000000000000000e+03 -9.999000000000000000e+03 -9.999000000000000000e+03 -9.999000000000000000e+03 -9.999000000000000000e+03 -9.999000000000000000e+03
1.863000000000000211e+00 1.863000000000000211e+00 2.088900000000000201e+00 1.975999999999999979e+00 1.973899999999999988e+00 1.973899999999999988e+00 1.660700000000000065e+00 1.377600000000000158e+00 1.605900000000000105e+00 1.690199999999999925e+00 1.690199999999999925e+00 1.692299999999999915e+00 1.847199999999999953e+00 1.788699999999999957e+00 1.519400000000000084e+00 1.519400000000000084e+00 1.537800000000000056e+00 1.693200000000000038e+00 1.677500000000000213e+00 1.598899999999999988e+00 1.598899999999999988e+00 1.436799999999999855e+00 1.587299999999999933e+00 1.587299999999999933e+00 2.258700000000000152e+00 2.258700000000000152e+00 -9.999000000000000000e+03 -9.999000000000000000e+03 -9.999000000000000000e+03 -9.999000000000000000e+03 -9.999000000000000000e+03 -9.999000000000000000e+03 -9.999000000000000000e+03 -9.999000000000000000e+03 -9.999000000000000000e+03 -9.999000000000000000e+03 -9.999000000000000000e+03
1.850700000000000234e+00 1.850700000000000234e+00 1.491700000000000026e+00 2.019900000000000251e+00 2.019900000000000251e+00 2.019900000000000251e+00 1.977000000000000091e+00 1.919399999999999995e+00 2.244600000000000151e+00 1.627600000000000158e+00 1.627600000000000158e+00 1.751900000000000013e+00 1.698100000000000165e+00 2.382799999999999585e+00 1.983800000000000008e+00 1.983800000000000008e+00 1.983800000000000008e+00 1.399199999999999999e+00 1.397100000000000009e+00 1.178599999999999870e+00 1.178599999999999870e+00 1.563299999999999912e+00 1.542499999999999982e+00 1.542499999999999982e+00 1.483300000000000063e+00 1.483300000000000063e+00 1.972900000000000098e+00 -9.999000000000000000e+03 -9.999000000000000000e+03 -9.999000000000000000e+03 -9.999000000000000000e+03 -9.999000000000000000e+03 -9.999000000000000000e+03 -9.999000000000000000e+03 -9.999000000000000000e+03 -9.999000000000000000e+03 -9.999000000000000000e+03
1.850700000000000234e+00 1.850700000000000234e+00 1.649300000000000210e+00 2.019900000000000251e+00 2.019900000000000251e+00 2.019900000000000251e+00 1.977000000000000091e+00 1.919399999999999995e+00 2.244600000000000151e+00 1.597300000000000164e+00 1.597300000000000164e+00 1.698100000000000165e+00 1.698100000000000165e+00 2.400500000000000078e+00 1.983800000000000008e+00 1.983800000000000008e+00 1.983800000000000008e+00 1.399199999999999999e+00 1.178599999999999870e+00 1.058899999999999952e+00 1.058899999999999952e+00 1.563299999999999912e+00 1.542499999999999982e+00 1.542499999999999982e+00 1.483300000000000063e+00 1.483300000000000063e+00 1.972900000000000098e+00 1.972900000000000098e+00 -9.999000000000000000e+03 -9.999000000000000000e+03 -9.999000000000000000e+03 -9.999000000000000000e+03 -9.999000000000000000e+03 -9.999000000000000000e+03 -9.999000000000000000e+03 -9.999000000000000000e+03 -9.999000000000000000e+03
1.850700000000000234e+00 1.850700000000000234e+00 1.649300000000000210e+00 2.019900000000000251e+00 2.019900000000000251e+00 2.019900000000000251e+00 1.977000000000000091e+00 1.919399999999999995e+00 2.244600000000000151e+00 1.597300000000000164e+00 1.597300000000000164e+00 1.698100000000000165e+00 1.698100000000000165e+00 2.400500000000000078e+00 1.983800000000000008e+00 1.983800000000000008e+00 1.983800000000000008e+00 1.399199999999999999e+00 1.178599999999999870e+00 1.058899999999999952e+00 1.058899999999999952e+00 1.563299999999999912e+00 1.542499999999999982e+00 1.542499999999999982e+00 1.483300000000000063e+00 1.483300000000000063e+00 1.972900000000000098e+00 1.972900000000000098e+00 1.902900000000000036e+00 -9.999000000000000000e+03 -9.999000000000000000e+03 -9.999000000000000000e+03 -9.999000000000000000e+03 -9.999000000000000000e+03 -9.999000000000000000e+03 -9.999000000000000000e+03 -9.999000000000000000e+03
1.717400000000000038e+00 1.684499999999999886e+00 1.614500000000000046e+00 1.716399999999999926e+00 1.716399999999999926e+00 1.716399999999999926e+00 1.973400000000000043e+00 1.576999999999999957e+00 1.576999999999999957e+00 1.565000000000000169e+00 1.565000000000000169e+00 2.056999999999999940e+00 2.056999999999999940e+00 1.987999999999999989e+00 1.968700000000000117e+00 1.968700000000000117e+00 1.979600000000000026e+00 2.050100000000000033e+00 1.967600000000000016e+00 1.967600000000000016e+00 1.967600000000000016e+00 1.526299999999999990e+00 1.483300000000000063e+00 1.483300000000000063e+00 1.275300000000000100e+00 1.275300000000000100e+00 1.558699999999999974e+00 1.558699999999999974e+00 2.240700000000000358e+00 2.262100000000000222e+00 -9.999000000000000000e+03 -9.999000000000000000e+03 -9.999000000000000000e+03 -9.999000000000000000e+03 -9.999000000000000000e+03 -9.999000000000000000e+03 -9.999000000000000000e+03
