data/C3/LAI_conif.dat
ncols         160
nrows         233
xllcorner     383056
yllcorner     7542000
cellsize      16
NODATA_value  -9999
[rows 112 to 127 of 233, columns 74 to 110 of 160]
3.237000000000000099e+00 3.249000000000000554e+00 3.259400000000000297e+00 3.396300000000000097e+00 3.007200000000000095e+00 2.999400000000000066e+00 3.421800000000000175e+00 3.436100000000000598e+00 3.281000000000000139e+00 3.402499999999999858e+00 3.489600000000000257e+00 3.246900000000000119e+00 2.606500000000000039e+00 2.599200000000000177e+00 3.019000000000000128e+00 3.195300000000000029e+00 2.607600000000000140e+00 2.304100000000000037e+00 1.904400000000000315e+00 2.289200000000000124e+00 2.192700000000000315e+00 2.344400000000000261e+00 3.304199999999999804e+00 3.284400000000000208e+00 3.282799999999999940e+00 3.531699999999999839e+00 2.639699999999999935e+00 2.570100000000000051e+00 2.355800000000000338e+00 2.474000000000000199e+00 1.504700000000000149e+00 1.510800000000000143e+00 2.102500000000000036e+00 -9.999000000000000000e+03 -9.999000000000000000e+03 -9.999000000000000000e+03 -9.999000000000000000e+03
3.252100000000000435e+00 3.267199999999999882e+00 3.388500000000000512e+00 3.218899999999999650e+00 2.674199999999999910e+00 2.703400000000000247e+00 3.253300000000000303e+00 3.397400000000000198e+00 3.396900000000000475e+00 3.450800000000000090e+00 3.465100000000000069e+00 3.482400000000000162e+00 3.544799999999999951e+00 3.108200000000000074e+00 3.016199999999999992e+00 1.911600000000000188e+00 2.405399999999999761e+00 2.357800000000000118e+00 2.059000000000000163e+00 1.904900000000000038e+00 2.591899999999999871e+00 3.527499999999999858e+00 3.530400000000000205e+00 3.530499999999999972e+00 3.512999999999999901e+00 2.912499999999999645e+00 2.458200000000000163e+00 1.868200000000000083e+00 1.875999999999999890e+00 2.444700000000000095e+00 1.954499999999999904e+00 1.159600000000000186e+00 1.700499999999999901e+00 2.130100000000000104e+00 -9.999000000000000000e+03 -9.999000000000000000e+03 -9.999000000000000000e+03
3.249699999999999811e+00 3.255900000000000460e+00 2.712800000000000544e+00 2.603699999999999903e+00 2.550399999999999778e+00 2.584899999999999753e+00 2.615199999999999747e+00 2.800699999999999967e+00 2.951100000000000279e+00 3.265700000000000269e+00 3.421800000000000619e+00 3.464800000000000324e+00 3.727700000000000014e+00 3.168199999999999683e+00 2.749600000000000044e+00 1.914200000000000124e+00 2.118000000000000327e+00 2.351500000000000146e+00 3.200099999999999945e+00 2.858399999999999608e+00 3.539399999999999658e+00 3.463300000000000267e+00 3.539000000000000590e+00 3.545800000000000285e+00 2.951600000000000001e+00 2.153899999999999704e+00 1.856200000000000072e+00 2.086100000000000065e+00 2.111499999999999932e+00 2.078699999999999992e+00 1.230300000000000171e+00 7.595999999999999419e-01 1.930200000000000138e+00 2.041399999999999881e+00 1.789400000000000102e+00 -9.999000000000000000e+03 -9.999000000000000000e+03
2.999400000000000066e+00 3.231399999999999828e+00 3.230900000000000105e+00 2.992099999999999760e+00 2.674700000000000077e+00 2.585399999999999920e+00 2.249600000000000044e+00 2.360600000000000254e+00 2.490699999999999914e+00 3.480199999999999960e+00 3.472399999999999931e+00 3.532100000000000239e+00 2.704699999999999882e+00 2.645199999999999996e+00 2.750099999999999767e+00 3.216800000000000104e+00 2.770700000000000163e+00 2.306700000000000195e+00 3.219899999999999984e+00 3.253800000000000026e+00 3.240699999999999914e+00 3.551200000000000578e+00 3.546600000000000197e+00 3.400600000000000289e+00 3.413200000000000234e+00 2.567099999999999937e+00 1.887000000000000011e+00 2.012000000000000011e+00 2.092200000000000060e+00 2.638400000000000301e+00 1.963899999999999979e+00 7.350999999999999757e-01 1.195100000000000051e+00 2.005300000000000082e+00 -9.999000000000000000e+03 -9.999000000000000000e+03 -9.999000000000000000e+03
3.405199999999999783e+00 3.414000000000000146e+00 3.437700000000000422e+00 3.428800000000000292e+00 3.417100000000000026e+00 2.342700000000000227e+00 2.226100000000000190e+00 2.224999999999999645e+00 2.571299999999999919e+00 3.053399999999999892e+00 3.206199999999999939e+00 2.624300000000000299e+00 2.565800000000000303e+00 2.659800000000000164e+00 3.232300000000000395e+00 3.316600000000000215e+00 2.293100000000000360e+00 3.212600000000000122e+00 3.246500000000000163e+00 2.683300000000000018e+00 2.276400000000000201e+00 3.186499999999999666e+00 3.470600000000000129e+00 3.394400000000000084e+00 3.365800000000000125e+00 3.360200000000000298e+00 2.332300000000000040e+00 1.879699999999999926e+00 1.852700000000000014e+00 2.380900000000000016e+00 2.408599999999999852e+00 2.564400000000000013e+00 1.806200000000000028e+00 -9.999000000000000000e+03 -9.999000000000000000e+03 -9.999000000000000000e+03 -9.999000000000000000e+03
3.398399999999999643e+00 3.405199999999999783e+00 3.442200000000000593e+00 3.442200000000000593e+00 3.405199999999999783e+00 2.116200000000000081e+00 2.123699999999999921e+00 2.658800000000000274e+00 2.656200000000000117e+00 3.163000000000000256e+00 3.185400000000000453e+00 2.706800000000000317e+00 2.671300000000000452e+00 3.200500000000000345e+00 3.256800000000000139e+00 3.742400000000000393e+00 2.367799999999999905e+00 3.252200000000000202e+00 3.249600000000000044e+00 2.258600000000000385e+00 2.285800000000000054e+00 2.985700000000000465e+00 3.429200000000000248e+00 3.347600000000000353e+00 3.337200000000000166e+00 3.305500000000000327e+00 2.317699999999999871e+00 1.675800000000000178e+00 2.000000000000000000e+00 2.335399999999999920e+00 2.350700000000000234e+00 1.835400000000000142e+00 -9.999000000000000000e+03 -9.999000000000000000e+03 -9.999000000000000000e+03 -9.999000000000000000e+03 -9.999000000000000000e+03
3.262000000000000011e+00 3.265100000000000335e+00 3.442200000000000593e+00 3.449500000000000455e+00 2.550200000000000244e+00 1.841800000000000104e+00 2.276900000000000368e+00 3.261499999999999844e+00 2.702099999999999724e+00 2.718799999999999883e+00 3.727300000000000502e+00 3.556600000000000428e+00 3.725200000000000067e+00 3.722000000000000419e+00 3.522499999999999964e+00 3.218799999999999883e+00 3.316200000000000259e+00 3.249600000000000044e+00 3.728500000000000369e+00 2.661900000000000155e+00 3.208899999999999864e+00 3.532200000000000450e+00 3.365800000000000125e+00 3.358500000000000263e+00 3.360600000000000698e+00 2.691699999999999982e+00 2.006499999999999950e+00 1.947200000000000042e+00 1.561700000000000088e+00 2.307699999999999640e+00 1.832800000000000207e+00 -9.999000000000000000e+03 -9.999000000000000000e+03 -9.999000000000000000e+03 -9.999000000000000000e+03 -9.999000000000000000e+03 -9.999000000000000000e+03
3.256300000000000416e+00 3.264100000000000446e+00 3.433600000000000207e+00 3.461600000000000232e+00 3.200500000000000345e+00 2.076200000000000045e+00 2.638400000000000301e+00 3.724499999999999922e+00 3.264600000000000612e+00 2.745400000000000063e+00 3.185400000000000453e+00 3.215700000000000003e+00 3.269300000000000317e+00 3.533100000000000129e+00 3.526799999999999713e+00 3.598300000000000054e+00 3.305800000000000516e+00 2.635800000000000143e+00 3.225000000000000089e+00 3.301700000000000301e+00 3.526900000000000368e+00 3.426499999999999879e+00 3.398600000000000065e+00 3.426100000000000367e+00 3.220799999999999663e+00 1.709300000000000042e+00 1.877600000000000158e+00 1.905500000000000194e+00 2.112700000000000244e+00 1.196400000000000130e+00 -9.999000000000000000e+03 -9.999000000000000000e+03 -9.999000000000000000e+03 -9.999000000000000000e+03 -9.999000000000000000e+03 -9.999000000000000000e+03 -9.999000000000000000e+03
3.411400000000000432e+00 3.256800000000000139e+00 3.439799999999999969e+00 3.497700000000000031e+00 2.474499999999999922e+00 2.711500000000000021e+00 3.258900000000000130e+00 3.648400000000000087e+00 3.500999999999999890e+00 3.730900000000000105e+00 2.728200000000000180e+00 3.185400000000000453e+00 3.310000000000000497e+00 3.432299999999999685e+00 3.407399999999999984e+00 3.571299999999999919e+00 2.278500000000000192e+00 2.600299999999999834e+00 3.219300000000000050e+00 3.505300000000000082e+00 3.351500000000000590e+00 3.381999999999999673e+00 3.215100000000000069e+00 2.644299999999999873e+00 2.137199999999999989e+00 2.386899999999999800e+00 2.284699999999999953e+00 1.800000000000000266e+00 2.055499999999999883e+00 -9.999000000000000000e+03 -9.999000000000000000e+03 -9.999000000000000000e+03 -9.999000000000000000e+03 -9.999000000000000000e+03 -9.999000000000000000e+03 -9.999000000000000000e+03 -9.999000000000000000e+03
3.406700000000000284e+00 3.413499999999999979e+00 3.442200000000000593e+00 3.400999999999999801e+00 3.384400000000000297e+00 3.467699999999999783e+00 3.484399999999999942e+00 3.655800000000000161e+00 3.498400000000000176e+00 3.492799999999999905e+00 3.453100000000000058e+00 3.524399999999999977e+00 3.463900000000000201e+00 3.415799999999999947e+00 3.509900000000000020e+00 2.167200000000000237e+00 2.326000000000000068e+00 1.901699999999999946e+00 2.311399999999999899e+00 2.299900000000000055e+00 2.172399999999999665e+00 2.252500000000000391e+00 1.892800000000000260e+00 1.888100000000000112e+00 2.240099999999999980e+00 2.191399999999999793e+00 1.468100000000000183e+00 1.498800000000000132e+00 -9.999000000000000000e+03 -9.999000000000000000e+03 -9.999000000000000000e+03 -9.999000000000000000e+03 -9.999000000000000000e+03 -9.999000000000000000e+03 -9.999000000000000000e+03 -9.999000000000000000e+03 -9.999000000000000000e+03
3.224499999999999922e+00 3.411400000000000432e+00 3.439600000000000435e+00 3.249500000000000277e+00 3.239100000000000090e+00 3.421800000000000619e+00 3.469799999999999773e+00 3.648000000000000131e+00 3.453699999999999992e+00 3.485000000000000320e+00 3.465200000000000280e+00 3.464700000000000113e+00 3.474000000000000199e+00 3.467100000000000293e+00 3.533700000000000063e+00 2.629500000000000171e+00 1.912799999999999834e+00 2.319199999999999928e+00 2.276100000000000012e+00 2.225400000000000045e+00 2.242700000000000138e+00 2.104000000000000092e+00 2.071100000000000385e+00 2.572300000000000253e+00 2.061599999999999877e+00 2.344000000000000306e+00 8.812999999999999723e-01 1.241600000000000037e+00 1.993900000000000228e+00 -9.999000000000000000e+03 -9.999000000000000000e+03 -9.999000000000000000e+03 -9.999000000000000000e+03 -9.999000000000000000e+03 -9.999000000000000000e+03 -9.999000000000000000e+03 -9.999000000000000000e+03
3.276600000000000179e+00 3.416100000000000581e+00 3.413499999999999979e+00 3.246900000000000119e+00 3.248499999999999943e+00 3.251100000000000101e+00 3.643799999999999706e+00 3.730400000000000382e+00 3.530000000000000249e+00 3.487500000000000266e+00 3.401100000000000012e+00 3.344500000000000028e+00 3.309100000000000374e+00 3.339800000000000324e+00 3.562600000000000211e+00 3.554899999999999949e+00 3.218799999999999883e+00 2.332799999999999763e+00 2.245800000000000018e+00 2.233299999999999841e+00 2.064300000000000246e+00 2.230800000000000338e+00 2.552900000000000169e+00 2.606799999999999784e+00 2.276100000000000012e+00 2.328699999999999992e+00 1.621999999999999886e+00 9.838000000000000078e-01 1.180300000000000127e+00 2.028500000000000192e+00 -9.999000000000000000e+03 -9.999000000000000000e+03 -9.999000000000000000e+03 -9.999000000000000000e+03 -9.999000000000000000e+03 -9.999000000000000000e+03 -9.999000000000000000e+03
3.092000000000000082e+00 2.984900000000000109e+00 3.268299999999999983e+00 2.974000000000000199e+00 3.495899999999999785e+00 2.761200000000000099e+00 2.788300000000000001e+00 2.683800000000000185e+00 2.757899999999999796e+00 3.530100000000000016e+00 3.453000000000000291e+00 3.349700000000000344e+00 3.443999999999999950e+00 3.457300000000000484e+00 3.457000000000000295e+00 3.472000000000000419e+00 3.504600000000000382e+00 2.634199999999999875e+00 2.077799999999999869e+00 1.874500000000000055e+00 2.325299999999999923e+00 2.612000000000000099e+00 2.591099999999999959e+00 2.647000000000000242e+00 2.190199999999999925e+00 2.310999999999999943e+00 1.800600000000000200e+00 1.113199999999999967e+00 8.880999999999998895e-01 2.492400000000000393e+00 2.499699999999999811e+00 -9.999000000000000000e+03 -9.999000000000000000e+03 -9.999000000000000000e+03 -9.999000000000000000e+03 -9.999000000000000000e+03 -9.999000000000000000e+03
2.688499999999999890e+00 2.182700000000000085e+00 2.406100000000000350e+00 2.415500000000000203e+00 2.322500000000000231e+00 2.229700000000000237e+00 2.050600000000000200e+00 2.389400000000000190e+00 2.669200000000000017e+00 3.725600000000000023e+00 3.717999999999999972e+00 3.471499999999999808e+00 3.464100000000000623e+00 3.461000000000000298e+00 3.456800000000000317e+00 3.281500000000000306e+00 3.479200000000000514e+00 3.512500000000000178e+00 3.454200000000000159e+00 3.509800000000000253e+00 3.577399999999999913e+00 3.252100000000000435e+00 2.216200000000000170e+00 2.231900000000000439e+00 2.176200000000000134e+00 2.209600000000000009e+00 1.811800000000000077e+00 1.594200000000000284e+00 9.275999999999999801e-01 1.202900000000000080e+00 2.401200000000000223e+00 2.414299999999999891e+00 -9.999000000000000000e+03 -9.999000000000000000e+03 -9.999000000000000000e+03 -9.999000000000000000e+03 -9.999000000000000000e+03
2.446800000000000086e+00 2.226800000000000335e+00 2.160500000000000309e+00 2.461500000000000021e+00 2.448700000000000099e+00 2.036500000000000199e+00 2.019800000000000040e+00 2.741900000000000226e+00 2.863400000000000389e+00 3.650500000000000078e+00 3.652099999999999902e+00 3.472900000000000098e+00 3.464100000000000623e+00 3.459400000000000475e+00 3.461199999999999832e+00 3.478800000000000114e+00 3.674600000000000311e+00 3.674500000000000099e+00 3.533600000000000296e+00 3.541000000000000369e+00 3.596400000000000041e+00 2.437899999999999956e+00 2.151800000000000157e+00 2.441799999999999748e+00 2.206599999999999895e+00 2.178399999999999892e+00 1.550699999999999967e+00 1.420800000000000063e+00 7.618999999999999106e-01 1.155000000000000027e+00 2.005599999999999827e+00 2.252500000000000391e+00 9.334000000000000075e-01 -9.999000000000000000e+03 -9.999000000000000000e+03 -9.999000000000000000e+03 -9.999000000000000000e+03
2.206999999999999851e+00 2.350699999999999790e+00 2.434800000000000075e+00 2.776299999999999990e+00 3.123899999999999899e+00 3.121800000000000352e+00 3.117099999999999760e+00 3.207800000000000207e+00 3.511499999999999844e+00 3.484399999999999942e+00 3.494299999999999962e+00 3.472900000000000098e+00 3.457800000000000207e+00 3.480700000000000127e+00 3.024099999999999788e+00 2.518799999999999706e+00 3.046000000000000263e+00 3.700899999999999856e+00 3.693500000000000227e+00 3.750700000000000145e+00 2.938800000000000079e+00 2.123399999999999732e+00 1.773099999999999898e+00 1.721400000000000041e+00 1.773200000000000109e+00 1.792000000000000037e+00 2.001100000000000101e+00 1.113699999999999912e+00 8.897999999999999243e-01 8.783000000000000806e-01 1.493999999999999773e+00 2.252600000000000158e+00 1.588999999999999968e+00 1.622199999999999864e+00 -9.999000000000000000e+03 -9.999000000000000000e+03 -9.999000000000000000e+03
