data/C3/LAI_conif.dat
ncols         160
nrows         233
xllcorner     383056
yllcorner     7542000
cellsize      16
NODATA_value  -9999
[rows 112 to 127 of 233, columns 37 to 73 of 160]
1.978400000000000158e+00 2.809099999999999930e+00 1.889800000000000146e+00 1.969100000000000295e+00 2.011900000000000244e+00 1.640499999999999847e+00 1.058300000000000018e+00 1.054699999999999971e+00 1.572599999999999998e+00 2.039999999999999869e-01 1.409999999999999865e-01 1.222000000000000169e-01 0.000000000000000000e+00 0.000000000000000000e+00 5.640000000000000568e-02 8.160000000000000586e-02 9.519999999999999296e-02 1.360000000000000098e-01 1.565200000000000147e+00 2.303399999999999892e+00 1.498399999999999954e+00 1.856200000000000294e+00 2.000000000000000042e-02 2.451900000000000190e+00 2.350800000000000445e+00 3.754999999999999893e+00 3.984300000000000175e+00 4.077799999999999869e+00 4.051700000000000301e+00 4.053700000000000081e+00 3.840500000000000025e+00 3.831100000000000172e+00 3.291700000000000070e+00 3.430700000000000305e+00 3.647100000000000009e+00 2.954200000000000159e+00 3.226599999999999913e+00
2.193699999999999761e+00 2.473200000000000287e+00 2.139499999999999957e+00 2.225200000000000067e+00 2.091499999999999915e+00 1.596899999999999986e+00 1.627700000000000147e+00 1.021099999999999897e+00 1.786800000000000166e+00 4.445000000000000617e-01 2.231999999999999817e-01 2.890000000000000346e-01 0.000000000000000000e+00 4.700000000000000011e-02 6.110000000000000847e-02 2.027999999999999803e-01 3.467999999999999972e-01 1.291999999999999815e-01 2.107999999999999874e-01 2.439700000000000202e+00 1.971300000000000052e+00 2.016599999999999948e+00 2.000000000000000042e-02 2.106100000000000083e+00 2.805400000000000116e+00 2.970600000000000129e+00 3.284900000000000375e+00 3.283900000000000485e+00 4.016099999999999781e+00 3.845800000000000107e+00 3.825300000000000367e+00 3.597199999999999953e+00 2.608999999999999986e+00 1.840300000000000047e+00 2.266600000000000392e+00 2.750199999999999978e+00 2.783000000000000362e+00
1.805299999999999905e+00 1.367399999999999949e+00 1.716499999999999915e+00 1.846200000000000063e+00 2.119699999999999918e+00 2.396200000000000330e+00 2.284800000000000164e+00 1.696099999999999941e+00 1.515700000000000269e+00 9.348000000000000753e-01 2.540000000000000036e-01 4.060000000000000275e-01 1.315999999999999948e-01 4.759999999999999648e-02 6.579999999999999738e-02 9.299999999999999933e-02 2.091000000000000081e-01 1.175000000000000072e-01 8.017000000000000792e-01 2.511800000000000033e+00 2.006800000000000139e+00 1.998100000000000209e+00 2.000000000000000042e-02 2.237099999999999866e+00 3.271400000000000308e+00 3.828400000000000247e+00 3.835800000000000320e+00 3.215899999999999981e+00 2.572500000000000231e+00 2.928200000000000358e+00 2.929200000000000248e+00 3.033700000000000063e+00 2.394099999999999895e+00 1.939000000000000057e+00 2.405100000000000016e+00 2.737099999999999866e+00 2.798099999999999810e+00
1.475600000000000245e+00 1.165799999999999947e+00 1.140200000000000102e+00 1.811100000000000154e+00 1.737500000000000266e+00 1.793900000000000272e+00 1.592500000000000249e+00 1.028499999999999970e+00 1.467700000000000227e+00 4.624000000000000332e-01 1.495999999999999830e-01 2.770000000000000240e-01 1.269000000000000128e-01 5.439999999999999697e-02 1.912999999999999978e-01 7.889999999999999791e-02 1.912999999999999978e-01 1.781999999999999695e-01 6.915999999999999925e-01 1.882700000000000040e+00 1.948799999999999866e+00 1.893199999999999772e+00 2.000000000000000042e-02 2.005399999999999849e+00 2.807999999999999829e+00 3.592400000000000038e+00 2.572500000000000231e+00 2.119000000000000217e+00 1.961999999999999966e+00 1.977700000000000236e+00 2.422299999999999898e+00 2.392500000000000071e+00 2.377299999999999969e+00 2.420099999999999696e+00 2.748000000000000220e+00 2.784499999999999975e+00 2.545500000000000096e+00
1.872300000000000075e+00 2.219300000000000050e+00 1.932700000000000085e+00 1.609600000000000142e+00 1.719199999999999839e+00 1.666500000000000092e+00 6.914000000000000146e-01 1.352700000000000014e+00 6.396000000000000574e-01 1.156000000000000083e-01 0.000000000000000000e+00 2.863999999999999879e-01 0.000000000000000000e+00 1.224000000000000088e-01 1.835999999999999854e-01 8.310000000000000719e-02 2.127999999999999892e-01 1.269000000000000128e-01 8.497999999999999998e-01 2.343199999999999950e+00 1.229800000000000004e+00 1.621599999999999930e+00 2.000000000000000042e-02 2.399299999999999766e+00 2.426699999999999857e+00 3.071699999999999875e+00 2.434300000000000352e+00 2.263599999999999834e+00 2.256299999999999972e+00 2.249600000000000044e+00 2.359600000000000364e+00 2.409200000000000230e+00 2.764700000000000379e+00 2.842900000000000205e+00 3.407900000000000595e+00 3.414600000000000080e+00 3.259599999999999831e+00
2.134100000000000108e+00 1.907600000000000406e+00 1.874700000000000255e+00 1.255800000000000027e+00 1.156400000000000095e+00 8.866000000000000547e-01 1.277300000000000102e+00 7.530999999999999917e-01 3.876000000000000001e-01 2.466999999999999749e-01 0.000000000000000000e+00 3.218999999999999639e-01 2.380000000000000171e-01 4.080000000000000293e-02 4.539000000000000257e-01 1.360000000000000098e-01 3.807999999999999718e-01 2.651999999999999913e-01 2.420999999999999819e-01 9.157999999999999474e-01 1.846200000000000063e+00 2.432900000000000063e+00 2.094399999999999817e+00 1.922200000000000131e+00 2.153000000000000025e+00 2.755900000000000016e+00 2.420200000000000351e+00 2.289500000000000313e+00 2.265200000000000102e+00 1.965100000000000069e+00 2.442099999999999937e+00 2.825200000000000156e+00 2.996900000000000119e+00 3.271900000000000475e+00 3.275599999999999845e+00 3.283900000000000041e+00 3.397900000000000365e+00
2.133199999999999985e+00 2.046800000000000175e+00 2.229500000000000259e+00 1.955000000000000071e+00 8.635000000000001563e-01 1.017199999999999882e+00 1.762400000000000189e+00 8.210999999999999410e-01 4.080000000000000293e-02 3.882999999999999785e-01 3.835999999999999965e-01 4.424000000000000155e-01 2.583999999999999631e-01 8.160000000000000586e-02 3.416000000000000147e-01 2.719999999999999848e-02 1.505000000000000226e-01 1.019999999999999934e-01 5.573000000000000176e-01 1.814200000000000035e+00 1.848600000000000243e+00 2.294900000000000162e+00 1.963000000000000300e+00 1.645499999999999963e+00 1.733500000000000263e+00 2.916700000000000070e+00 2.762699999999999712e+00 2.354300000000000281e+00 2.399300000000000210e+00 2.746000000000000441e+00 3.266700000000000159e+00 3.287000000000000366e+00 3.405199999999999783e+00 3.261499999999999844e+00 3.233900000000000219e+00 2.963300000000000267e+00 3.256300000000000416e+00
2.276800000000000157e+00 2.391799999999999926e+00 3.522100000000000009e+00 -9.999000000000000000e+03 -9.999000000000000000e+03 1.249600000000000044e+00 1.342400000000000038e+00 1.040999999999999925e+00 4.759999999999999648e-02 2.719999999999999848e-02 6.351999999999999869e-01 7.157999999999999918e-01 5.466000000000000858e-01 7.580000000000000071e-01 5.544999999999999929e-01 1.291999999999999815e-01 2.080999999999999794e-01 3.739999999999999991e-01 4.351999999999999758e-01 2.221200000000000063e+00 2.751999999999999780e+00 2.096699999999999786e+00 2.254100000000000215e+00 1.728400000000000158e+00 2.132699999999999818e+00 3.214100000000000179e+00 2.959400000000000031e+00 2.755300000000000082e+00 2.724000000000000199e+00 2.792900000000000382e+00 3.431499999999999773e+00 3.447400000000000020e+00 3.440900000000000070e+00 3.261000000000000121e+00 2.963300000000000267e+00 3.278100000000000236e+00 3.416100000000000581e+00
1.775099999999999900e+00 2.191500000000000004e+00 3.418200000000000127e+00 -9.999000000000000000e+03 -9.999000000000000000e+03 1.938200000000000145e+00 1.831399999999999917e+00 1.291000000000000147e+00 7.049999999999999323e-02 1.019999999999999934e-01 3.991999999999999993e-01 1.819000000000000061e-01 2.856000000000000205e-01 0.000000000000000000e+00 1.563999999999999835e-01 3.400000000000000244e-02 2.515999999999999903e-01 4.692000000000000060e-01 2.002299999999999969e+00 2.450000000000000178e+00 2.143800000000000150e+00 2.047499999999999876e+00 1.974099999999999966e+00 2.000000000000000042e-02 2.149999999999999911e+00 3.241699999999999804e+00 3.261499999999999844e+00 3.246900000000000119e+00 2.807999999999999829e+00 3.344300000000000495e+00 3.447400000000000020e+00 3.449500000000000455e+00 3.443000000000000504e+00 3.258900000000000130e+00 3.411400000000000432e+00 3.411400000000000432e+00 3.251100000000000101e+00
2.249800000000000022e+00 3.236000000000000210e+00 -9.999000000000000000e+03 -9.999000000000000000e+03 -9.999000000000000000e+03 2.832600000000000229e+00 2.071799999999999642e+00 1.290499999999999980e+00 2.923999999999999932e-01 5.439999999999999697e-02 1.700000000000000122e-01 6.120000000000000440e-02 0.000000000000000000e+00 6.800000000000000488e-02 4.080000000000000293e-02 1.428000000000000103e-01 3.912000000000000477e-01 3.127999999999999670e-01 1.993799999999999795e+00 1.998499999999999943e+00 2.199000000000000288e+00 2.133300000000000196e+00 2.297399999999999665e+00 2.000000000000000042e-02 2.313300000000000356e+00 3.353100000000000414e+00 3.256800000000000139e+00 3.239100000000000090e+00 3.226599999999999913e+00 3.229200000000000514e+00 3.451600000000000446e+00 3.444800000000000306e+00 3.428900000000000503e+00 3.257300000000000306e+00 3.256300000000000416e+00 3.253700000000000259e+00 3.258900000000000130e+00
2.181400000000000006e+00 3.411400000000000432e+00 2.000000000000000042e-02 3.847500000000000142e+00 2.000000000000000042e-02 3.162600000000000300e+00 2.051400000000000112e+00 1.466800000000000104e+00 5.031999999999999806e-01 0.000000000000000000e+00 6.120000000000000440e-02 0.000000000000000000e+00 0.000000000000000000e+00 6.800000000000000488e-02 6.800000000000000488e-02 0.000000000000000000e+00 1.224000000000000088e-01 1.659700000000000175e+00 2.336100000000000065e+00 2.042399999999999771e+00 2.057300000000000129e+00 2.748099999999999987e+00 2.153599999999999959e+00 2.000000000000000042e-02 2.159200000000000230e+00 2.788699999999999957e+00 3.231799999999999784e+00 2.957100000000000506e+00 3.583599999999999675e+00 2.924000000000000377e+00 3.268299999999999983e+00 3.276600000000000179e+00 3.262000000000000011e+00 3.264100000000000446e+00 3.279200000000000337e+00 3.403200000000000003e+00 2.996900000000000119e+00
2.218199999999999950e+00 3.276600000000000179e+00 3.442200000000000593e+00 3.415600000000000414e+00 2.000000000000000042e-02 2.396700000000000053e+00 1.309099999999999930e+00 3.331999999999999962e-01 7.411999999999999700e-01 0.000000000000000000e+00 0.000000000000000000e+00 0.000000000000000000e+00 6.800000000000000488e-02 6.800000000000000488e-02 6.800000000000000488e-02 6.800000000000000488e-02 2.515999999999999903e-01 1.771600000000000064e+00 1.939699999999999980e+00 1.843900000000000095e+00 2.494899999999999896e+00 2.294999999999999929e+00 2.325700000000000323e+00 2.000000000000000042e-02 2.252600000000000158e+00 2.464599999999999902e+00 3.831100000000000172e+00 3.959699999999999775e+00 4.015100000000000335e+00 2.297400000000000109e+00 3.083800000000000097e+00 3.096799999999999997e+00 3.063400000000000123e+00 3.071699999999999875e+00 3.096200000000000063e+00 3.023600000000000065e+00 3.091499999999999915e+00
1.647499999999999964e+00 2.429999999999999716e+00 2.120899999999999785e+00 2.008300000000000196e+00 2.688600000000000101e+00 2.624500000000000277e+00 1.318999999999999950e+00 5.916000000000000147e-01 2.515999999999999903e-01 2.583999999999999631e-01 3.355000000000000204e-01 2.629000000000000226e-01 1.291999999999999815e-01 0.000000000000000000e+00 6.800000000000000488e-02 6.800000000000000488e-02 1.563999999999999835e-01 1.742399999999999949e+00 2.265800000000000036e+00 2.223100000000000076e+00 2.505399999999999849e+00 2.254299999999999748e+00 2.712500000000000355e+00 2.000000000000000042e-02 2.283500000000000085e+00 2.330000000000000071e+00 2.332500000000000018e+00 3.435400000000000453e+00 2.838799999999999990e+00 2.352300000000000502e+00 2.372100000000000097e+00 2.051600000000000090e+00 2.204800000000000093e+00 2.191100000000000048e+00 2.400900000000000034e+00 2.691100000000000048e+00 2.805499999999999883e+00
1.904900000000000038e+00 2.226900000000000102e+00 2.171599999999999753e+00 2.024000000000000021e+00 2.192299999999999915e+00 2.289100000000000357e+00 1.533799999999999830e+00 9.153000000000000025e-01 1.088899999999999979e+00 5.143999999999999684e-01 1.718999999999999972e-01 9.519999999999999296e-02 3.345000000000000195e-01 2.863999999999999879e-01 1.504000000000000059e-01 0.000000000000000000e+00 4.033999999999999808e-01 1.781000000000000139e+00 2.129599999999999937e+00 1.765000000000000124e+00 2.578700000000000436e+00 2.323700000000000099e+00 2.372200000000000308e+00 2.113800000000000345e+00 2.282599999999999962e+00 2.481400000000000272e+00 2.331100000000000172e+00 2.350700000000000234e+00 2.377799999999999692e+00 2.163800000000000168e+00 2.084999999999999964e+00 2.186400000000000343e+00 2.103900000000000325e+00 2.168600000000000083e+00 1.808899999999999952e+00 2.780999999999999694e+00 2.817499999999999893e+00
2.287199999999999900e+00 1.959100000000000064e+00 2.059499999999999886e+00 2.307700000000000529e+00 2.086600000000000232e+00 2.175300000000000011e+00 1.754000000000000004e+00 9.715000000000000302e-01 1.692100000000000160e+00 1.281600000000000072e+00 1.856900000000000217e+00 1.743700000000000028e+00 1.489100000000000090e+00 9.121000000000000218e-01 5.076000000000000512e-01 1.363000000000000045e-01 4.264000000000000012e-01 1.746599999999999930e+00 2.018900000000000361e+00 1.971700000000000230e+00 2.033500000000000085e+00 2.445400000000000240e+00 2.719199999999999839e+00 2.234500000000000153e+00 2.268000000000000238e+00 2.469500000000000028e+00 2.478300000000000392e+00 2.360000000000000320e+00 2.551400000000000112e+00 2.491900000000000226e+00 2.282000000000000028e+00 2.198500000000000121e+00 2.403599999999999959e+00 2.298700000000000188e+00 2.248099999999999987e+00 2.187100000000000044e+00 2.177500000000000213e+00
2.275100000000000122e+00 1.903000000000000025e+00 2.374700000000000255e+00 2.324399999999999800e+00 2.291200000000000347e+00 2.068799999999999972e+00 1.683200000000000252e+00 9.270000000000000462e-01 8.325000000000000178e-01 1.543000000000000149e+00 1.764299999999999979e+00 1.197999999999999954e+00 1.755700000000000038e+00 2.049299999999999677e+00 7.320999999999999730e-01 4.606000000000000094e-01 3.261999999999999900e-01 1.282399999999999984e+00 1.710700000000000109e+00 1.822100000000000053e+00 2.102400000000000269e+00 2.164400000000000102e+00 2.276799999999999713e+00 2.010499999999999954e+00 2.470299999999999940e+00 2.198400000000000354e+00 2.408599999999999852e+00 2.598100000000000076e+00 2.879800000000000360e+00 2.864100000000000090e+00 2.223700000000000010e+00 2.270000000000000018e+00 2.258000000000000007e+00 2.217300000000000271e+00 2.202399999999999913e+00 2.171100000000000030e+00 2.236499999999999932e+00
