data/C3/slope.dat
ncols         160
nrows         233
xllcorner     383056
yllcorner     7542000
cellsize      16
NODATA_value  -9999
[rows 96 to 111 of 233, columns 37 to 73 of 160]
8.666019999999999834e-01 6.448676599999999537e-01 8.438115000000000476e-01 1.233768100000000034e+00 1.801827700000000032e+00 3.891656400000000016e+00 6.066233600000000337e+00 5.772248699999999566e+00 4.554554000000000435e+00 3.403230399999999989e+00 1.484375400000000012e+00 4.216179299999999741e-01 1.600991099999999889e+00 2.262442399999999854e+00 2.747971999999999859e+00 2.807732600000000023e+00 2.366751999999999967e+00 1.579115899999999906e+00 1.474170999999999898e+00 3.120283999999999835e+00 5.248582999999999998e+00 6.981806299999999688e+00 7.300709699999999636e+00 6.985218999999999845e+00 7.306652500000000217e+00 7.407291400000000081e+00 8.329421999999999215e+00 8.638674999999999216e+00 8.124992000000000658e+00 7.758517999999999581e+00 6.610974999999999824e+00 6.009028999999999954e+00 5.674680999999999642e+00 5.569352600000000209e+00 6.059173999999999616e+00 6.018748999999999683e+00 6.128878600000000176e+00
9.439918999999999949e-01 8.592322999999999489e-01 8.866964600000000196e-01 9.991863399999999507e-01 1.227976299999999910e+00 2.548627000000000198e+00 4.635830000000000339e+00 5.368025000000000269e+00 5.027440499999999979e+00 4.257908999999999722e+00 2.607725400000000082e+00 8.387065500000000506e-01 8.650250400000000228e-01 1.800550000000000095e+00 2.587909699999999980e+00 2.831575200000000070e+00 2.615889000000000131e+00 1.961620600000000048e+00 1.667708900000000050e+00 2.869239599999999779e+00 4.917123300000000086e+00 7.188671600000000161e+00 7.899131999999999820e+00 7.595314499999999747e+00 7.882936499999999569e+00 7.938018999999999714e+00 8.759161000000000641e+00 8.876371000000000677e+00 8.143383999999999290e+00 7.611580400000000246e+00 6.379369299999999576e+00 5.814206999999999681e+00 5.591256600000000354e+00 5.577160000000000117e+00 6.060351400000000055e+00 5.982019400000000431e+00 6.108267299999999622e+00
7.996486400000000216e-01 8.081298500000000384e-01 7.784784999999999622e-01 6.964389699999999905e-01 7.675149399999999789e-01 1.743153200000000069e+00 3.627817900000000151e+00 4.757145000000000401e+00 4.931959599999999888e+00 4.598397300000000243e+00 3.343560500000000157e+00 1.739189899999999955e+00 4.688246300000000200e-01 1.170664499999999997e+00 2.231870999999999938e+00 2.770963200000000182e+00 2.938481299999999852e+00 2.533874299999999913e+00 1.994772900000000071e+00 2.716994800000000154e+00 4.623636199999999974e+00 7.342286999999999786e+00 8.472910000000000608e+00 8.295047999999999533e+00 8.568493000000000137e+00 8.453160999999999703e+00 8.993734999999999147e+00 8.873570000000000846e+00 7.993725999999999665e+00 7.383480500000000113e+00 6.195191000000000336e+00 5.719221000000000110e+00 5.550883299999999743e+00 5.579253699999999760e+00 6.052628000000000341e+00 5.954811000000000298e+00 6.115440399999999777e+00
5.006386000000000447e-01 5.665312399999999915e-01 5.509826500000000182e-01 4.120615999999999723e-01 3.908769000000000271e-01 1.221855499999999983e+00 2.923302200000000184e+00 4.096546599999999927e+00 4.496527000000000385e+00 4.530108499999999871e+00 3.720826100000000025e+00 2.471516600000000174e+00 9.929995499999999531e-01 5.222928500000000307e-01 1.787592599999999976e+00 2.597894000000000148e+00 3.151262800000000031e+00 3.062879600000000035e+00 2.474254800000000198e+00 2.806627999999999901e+00 4.424741000000000035e+00 7.412141000000000091e+00 8.987363000000000213e+00 9.045353000000000421e+00 9.272983999999999227e+00 8.822203999999999269e+00 8.993975999999999971e+00 8.706820499999999186e+00 7.784093399999999718e+00 7.138592000000000048e+00 6.011086999999999847e+00 5.637724399999999747e+00 5.520069600000000243e+00 5.574072000000000138e+00 6.046821999999999697e+00 5.939623400000000331e+00 6.114354999999999762e+00
2.291783000000000015e-01 3.256703000000000237e-01 3.384731699999999899e-01 2.035406100000000107e-01 9.568664999999999810e-02 8.879749999999999588e-01 2.456744699999999781e+00 3.533909799999999990e+00 3.970074400000000114e+00 4.276277000000000328e+00 3.943365599999999915e+00 3.239154599999999995e+00 1.942915699999999912e+00 2.948994600000000021e-01 1.246956600000000082e+00 2.325267000000000195e+00 3.204292999999999836e+00 3.427252000000000187e+00 3.003838800000000031e+00 3.068512199999999801e+00 4.307093599999999967e+00 7.482875299999999896e+00 9.538427000000000433e+00 9.874033000000000726e+00 9.912807000000000812e+00 8.955638999999999683e+00 8.820581999999999923e+00 8.536427500000000279e+00 7.651678600000000330e+00 6.940497999999999834e+00 5.817216400000000398e+00 5.545848399999999678e+00 5.524453600000000186e+00 5.619951000000000363e+00 6.094392299999999985e+00 5.975844999999999629e+00 6.132188300000000147e+00
7.080141500000000643e-02 1.290191300000000096e-01 1.305709499999999912e-01 1.739144999999999996e-01 8.075838000000000461e-02 6.341520499999999672e-01 2.053425600000000184e+00 2.961736399999999936e+00 3.305703999999999976e+00 3.769258999999999915e+00 3.903096199999999794e+00 3.768559199999999887e+00 2.761042799999999797e+00 1.067072400000000032e+00 6.569785999999999682e-01 1.968431599999999948e+00 3.097832200000000036e+00 3.585575299999999910e+00 3.441738099999999800e+00 3.382046200000000002e+00 4.237173600000000206e+00 7.652587999999999724e+00 1.022089599999999976e+01 1.065764599999999973e+01 1.024799400000000027e+01 8.719730999999999455e+00 8.504626000000000019e+00 8.412696000000000396e+00 7.564160300000000170e+00 6.738093400000000344e+00 5.575510500000000036e+00 5.387293299999999618e+00 5.506825400000000315e+00 5.675946699999999900e+00 6.129417000000000115e+00 5.962355999999999767e+00 6.069291999999999909e+00
4.292161800000000027e-01 3.585226499999999983e-01 1.550288300000000064e-01 1.474517300000000031e-01 1.028723200000000032e-01 5.796693600000000224e-01 1.762626800000000049e+00 2.448463700000000021e+00 2.659512299999999829e+00 3.170687000000000033e+00 3.693874800000000125e+00 4.074990699999999855e+00 3.320278399999999852e+00 1.600832000000000033e+00 3.013665999999999845e-01 1.651980299999999957e+00 2.924631600000000109e+00 3.583971299999999971e+00 3.684966600000000092e+00 3.607990700000000217e+00 4.203641400000000417e+00 7.978429300000000168e+00 1.105600549999999949e+01 1.129860399999999920e+01 1.026317599999999963e+01 8.315583999999999421e+00 8.285372999999999877e+00 8.488626500000000519e+00 7.603438999999999837e+00 6.615874299999999764e+00 5.398315000000000197e+00 5.290047999999999639e+00 5.572271299999999705e+00 5.821271399999999652e+00 6.204632300000000100e+00 5.924803700000000006e+00 5.954475999999999658e+00
8.717823599999999784e-01 8.274469399999999641e-01 5.774696999999999747e-01 2.857551600000000080e-01 1.389743700000000137e-01 5.971400999999999515e-01 1.577611600000000003e+00 2.055897499999999933e+00 2.134755600000000086e+00 2.570320999999999856e+00 3.275297899999999984e+00 4.140898700000000154e+00 3.699769700000000050e+00 1.940526200000000090e+00 3.662308000000000230e-01 1.432380200000000103e+00 2.791926399999999919e+00 3.569313300000000133e+00 3.757389799999999891e+00 3.647498600000000035e+00 4.172181000000000139e+00 8.361446000000000822e+00 1.186860800000000005e+01 1.178086099999999981e+01 1.013996799999999965e+01 8.008902000000000854e+00 8.294726999999999961e+00 8.691895000000000593e+00 7.617579499999999726e+00 6.444427000000000127e+00 5.218075999999999937e+00 5.246518599999999921e+00 5.672435300000000069e+00 5.958134699999999562e+00 6.232276999999999845e+00 5.785732999999999571e+00 5.749368999999999730e+00
1.289211499999999955e+00 1.346000300000000038e+00 1.178762700000000052e+00 8.220174999999999566e-01 5.505381999999999776e-01 7.403976300000000288e-01 1.495468900000000101e+00 1.868033599999999961e+00 1.909351000000000020e+00 2.309578699999999873e+00 3.032489800000000013e+00 4.027023299999999750e+00 3.784386599999999934e+00 2.133708500000000008e+00 4.848495700000000075e-01 1.320918700000000001e+00 2.786070800000000069e+00 3.661645399999999828e+00 3.800205200000000172e+00 3.585755600000000154e+00 4.168983500000000397e+00 8.632343000000000544e+00 1.228671600000000019e+01 1.199425199999999947e+01 1.018117499999999964e+01 8.148583000000000354e+00 8.580436999999999870e+00 8.805652999999999508e+00 7.381927499999999753e+00 6.080940700000000199e+00 4.969520600000000066e+00 5.239897299999999980e+00 5.807067400000000212e+00 6.054457700000000386e+00 6.185897399999999990e+00 5.580434000000000339e+00 5.515895999999999688e+00
1.547671299999999972e+00 1.687000999999999973e+00 1.655793499999999918e+00 1.353549099999999950e+00 1.036787700000000090e+00 1.029322599999999976e+00 1.537042299999999972e+00 1.919487200000000060e+00 2.033143499999999992e+00 2.455712000000000117e+00 3.055554199999999998e+00 3.833857800000000093e+00 3.637263299999999866e+00 2.234385300000000019e+00 5.506848699999999930e-01 1.329376899999999972e+00 2.863486500000000046e+00 3.725767100000000109e+00 3.745444800000000019e+00 3.568595600000000090e+00 4.387052999999999869e+00 8.835801000000000016e+00 1.224142699999999984e+01 1.188999500000000076e+01 1.039849700000000077e+01 8.641230999999999440e+00 8.889179999999999637e+00 8.656926000000000343e+00 6.916141999999999790e+00 5.609422699999999651e+00 4.704413399999999967e+00 5.342145399999999711e+00 6.104912999999999812e+00 6.206011000000000166e+00 6.111244000000000121e+00 5.374001999999999946e+00 5.305854000000000070e+00
1.330365100000000078e+00 1.527380799999999983e+00 1.690577299999999950e+00 1.598060000000000036e+00 1.409252600000000077e+00 1.341869600000000107e+00 1.667406900000000025e+00 2.107076600000000077e+00 2.326334199999999797e+00 2.666458800000000018e+00 3.079897900000000188e+00 3.658073700000000095e+00 3.458800600000000003e+00 2.266083699999999812e+00 6.686997999999999553e-01 1.385512700000000041e+00 2.885614900000000205e+00 3.655877799999999844e+00 3.597916800000000137e+00 3.652574299999999941e+00 4.789685999999999666e+00 9.107575999999999894e+00 1.216788299999999978e+01 1.161540800000000040e+01 1.026936800000000005e+01 8.825248999999999455e+00 9.069221000000000643e+00 8.563197000000000614e+00 6.605211999999999861e+00 5.292313000000000045e+00 4.561624000000000123e+00 5.593336599999999770e+00 6.563546999999999798e+00 6.392662999999999762e+00 5.933742500000000142e+00 5.077023500000000134e+00 5.073858699999999722e+00
6.932422499999999488e-01 9.212072500000000330e-01 1.382929199999999970e+00 1.815062600000000081e+00 1.989966200000000018e+00 1.848372600000000032e+00 1.918007699999999982e+00 2.355548100000000034e+00 2.596563800000000199e+00 2.783799199999999807e+00 3.033288499999999832e+00 3.489932500000000104e+00 3.265035600000000038e+00 2.207933999999999841e+00 8.560993000000000075e-01 1.352940699999999996e+00 2.774030999999999914e+00 3.501230200000000181e+00 3.480160500000000212e+00 3.777047899999999903e+00 5.081275500000000278e+00 9.300916000000000849e+00 1.225071699999999986e+01 1.138769199999999948e+01 9.745207000000000619e+00 8.477513000000000076e+00 9.183261999999999148e+00 8.841609999999999303e+00 6.693470999999999727e+00 5.274761699999999998e+00 4.658299399999999757e+00 5.974256500000000081e+00 7.025986699999999807e+00 6.505032500000000439e+00 5.653119000000000227e+00 4.727443000000000062e+00 4.859701000000000271e+00
4.953053999999999790e-02 4.166456800000000182e-01 1.329608300000000076e+00 2.352697000000000038e+00 2.872198800000000052e+00 2.718655299999999997e+00 2.554330799999999790e+00 2.660102999999999884e+00 2.622985799999999923e+00 2.749390800000000024e+00 2.941311400000000020e+00 3.305729400000000151e+00 3.049050600000000166e+00 2.077206900000000189e+00 8.861687999999999787e-01 1.195229499999999945e+00 2.573168299999999853e+00 3.317638899999999946e+00 3.455996999999999986e+00 3.939671000000000145e+00 5.208588999999999913e+00 9.297812000000000410e+00 1.225128199999999978e+01 1.128280700000000003e+01 9.362634999999999152e+00 8.002432000000000656e+00 9.111287000000000802e+00 9.143917000000000073e+00 6.952409000000000283e+00 5.483102299999999651e+00 4.977447500000000247e+00 6.403787000000000340e+00 7.297479599999999955e+00 6.433984999999999843e+00 5.372061300000000372e+00 4.452317999999999998e+00 4.722012000000000320e+00
2.503658000000000272e-01 1.206519099999999955e+00 2.574108100000000121e+00 3.453016299999999816e+00 3.893494599999999917e+00 4.371751999999999860e+00 3.862188999999999872e+00 2.691595299999999913e+00 2.225527299999999986e+00 2.677853300000000214e+00 2.948745300000000125e+00 3.215968099999999996e+00 2.910840499999999942e+00 1.973446199999999928e+00 8.563304999999999945e-01 1.044849200000000033e+00 2.398194800000000182e+00 3.183311999999999919e+00 3.524723999999999968e+00 4.185015700000000116e+00 5.448041400000000145e+00 9.415535999999999461e+00 1.213847499999999968e+01 1.108924999999999983e+01 9.155153999999999570e+00 7.638269000000000197e+00 8.773103000000000762e+00 9.076613999999999294e+00 7.159056699999999829e+00 5.890680999999999834e+00 5.539634000000000391e+00 6.932214700000000285e+00 7.431764600000000165e+00 6.209244299999999939e+00 5.140069000000000443e+00 4.310879700000000092e+00 4.703099700000000105e+00
7.604410600000000020e-01 2.665212400000000148e+00 4.003719300000000203e+00 3.903188500000000172e+00 4.043415000000000425e+00 6.254248999999999725e+00 5.371857999999999578e+00 2.488558299999999779e+00 2.023856400000000111e+00 2.903864099999999837e+00 3.166949999999999932e+00 3.277769600000000061e+00 2.890560900000000100e+00 1.957878599999999913e+00 8.971308999999999534e-01 9.468214999999999826e-01 2.305641699999999794e+00 3.173334399999999889e+00 3.641136200000000045e+00 4.441204500000000444e+00 5.857059999999999711e+00 9.850825000000000387e+00 1.227534700000000001e+01 1.088075300000000034e+01 8.792576999999999643e+00 7.186027499999999790e+00 8.180154999999999177e+00 8.659898999999999347e+00 7.290505399999999803e+00 6.469570000000000043e+00 6.319825599999999710e+00 7.586600299999999741e+00 7.544471699999999892e+00 5.849399599999999921e+00 4.819291999999999909e+00 4.209296700000000335e+00 4.777936999999999657e+00
2.183978000000000197e+00 3.879856600000000100e+00 4.360666000000000153e+00 2.972104799999999880e+00 2.910514000000000046e+00 6.704596999999999696e+00 6.456198699999999846e+00 3.404958000000000151e+00 2.419181800000000049e+00 3.189700999999999897e+00 3.403102200000000188e+00 3.377221299999999982e+00 2.916400400000000115e+00 1.982819200000000004e+00 9.535713000000000106e-01 8.180113399999999757e-01 2.227932000000000023e+00 3.251088600000000106e+00 3.732519100000000201e+00 4.596030999999999977e+00 6.204868000000000272e+00 1.012533600000000078e+01 1.239565999999999946e+01 1.068082199999999915e+01 8.236238999999999422e+00 6.670448300000000330e+00 7.660985000000000156e+00 8.233356999999999815e+00 7.318744699999999881e+00 6.976558999999999955e+00 7.013216500000000408e+00 8.067449999999999122e+00 7.514178799999999825e+00 5.436112999999999751e+00 4.470916299999999843e+00 4.093706000000000067e+00 4.859031700000000065e+00
