data/C3/slope.dat
ncols         160
nrows         233
xllcorner     383056
yllcorner     7542000
cellsize      16
NODATA_value  -9999
[rows 32 to 47 of 233, columns 0 to 36 of 160]
-9.999000000000000000e+03 -9.999000000000000000e+03 4.628774000000000083e-02 6.837139999999999884e-02 8.058015999999999790e-02 7.731714000000000642e-02 6.598938999999999500e-02 1.864077899999999899e-01 4.150609699999999735e-01 4.518574499999999938e-01 2.270394599999999985e-01 9.308046000000000375e-02 2.231393899999999930e-01 3.190665999999999780e-01 4.154844300000000157e-01 7.079007999999999967e-01 1.275270799999999927e+00 1.535283900000000035e+00 9.330450000000000133e-01 3.115954400000000013e-01 1.313261000000000012e+00 1.598826300000000034e+00 1.763804699999999892e+00 1.946263899999999936e+00 2.026354299999999942e+00 2.021083599999999869e+00 2.252442600000000184e+00 2.224360700000000080e+00 1.781469699999999934e+00 1.299746800000000091e+00 1.122087400000000068e+00 6.787007499999999638e-01 5.865715999999999708e-01 1.656331199999999892e+00 2.813042600000000171e+00 3.675170699999999790e+00 4.097423599999999944e+00
-9.999000000000000000e+03 -9.999000000000000000e+03 4.248926000000000092e-02 8.638772999999999591e-02 8.241471000000000213e-02 6.465126599999999890e-02 3.838670000000000276e-02 1.237669440000000037e-01 3.513609500000000052e-01 4.772239600000000026e-01 3.518661000000000150e-01 1.295002399999999887e-01 1.164712499999999984e-01 2.885183000000000053e-01 4.822756000000000265e-01 7.862942000000000542e-01 1.263544199999999895e+00 1.519962700000000000e+00 9.460909400000000469e-01 1.221902299999999997e+00 1.710390700000000042e+00 1.205057400000000056e+00 1.640131699999999970e+00 2.247917199999999838e+00 2.419824600000000103e+00 2.378531199999999846e+00 2.621591299999999958e+00 2.544713699999999967e+00 2.010635100000000008e+00 1.291587199999999935e+00 1.177032499999999926e+00 1.094875899999999902e+00 5.867683000000000204e-01 5.049128499999999686e-01 1.648156900000000036e+00 2.863449300000000086e+00 3.620614000000000221e+00
-9.999000000000000000e+03 -9.999000000000000000e+03 -9.999000000000000000e+03 6.300811500000000343e-02 6.865928999999999782e-02 4.352477999999999903e-02 2.164973699999999876e-02 9.100410000000000443e-02 2.718868600000000080e-01 4.323171699999999729e-01 4.355317000000000216e-01 2.732855699999999777e-01 2.993486999999999884e-02 2.552752200000000249e-01 5.023338000000000525e-01 7.372206399999999826e-01 1.070892200000000072e+00 1.330902800000000052e+00 1.128746299999999980e+00 1.273484099999999897e+00 1.347556999999999894e+00 4.592187999999999826e-01 1.305239000000000038e+00 2.328800999999999899e+00 2.718400700000000114e+00 2.715666300000000088e+00 2.866912000000000127e+00 2.624617999999999896e+00 1.988588800000000045e+00 9.690140000000000420e-01 5.223531999999999620e-01 8.539050999999999725e-01 8.854986000000000246e-01 7.597954000000000097e-01 1.457594499999999904e+00 2.688674199999999903e+00 3.451800299999999933e+00
-9.999000000000000000e+03 -9.999000000000000000e+03 -9.999000000000000000e+03 -9.999000000000000000e+03 6.816319999999999324e-02 5.381254500000000329e-02 4.387607000000000312e-02 8.066729499999999997e-02 2.027063799999999916e-01 3.674799200000000154e-01 4.879806600000000105e-01 4.264654800000000079e-01 1.595231599999999972e-01 1.865932999999999897e-01 4.686583999999999750e-01 6.651339499999999738e-01 8.645538999999999863e-01 9.634375600000000262e-01 7.500362000000000418e-01 6.966472999999999693e-01 8.427613000000000465e-01 1.384230700000000092e-01 1.092453200000000013e+00 2.260329700000000219e+00 2.806592000000000198e+00 2.885111000000000203e+00 2.959080199999999827e+00 2.592124999999999790e+00 1.997316499999999939e+00 1.136622100000000080e+00 3.132986700000000013e-01 2.636781300000000106e-01 8.634916500000000550e-01 1.633105999999999947e+00 2.532933700000000066e+00 3.203505499999999895e+00 3.360275999999999819e+00
-9.999000000000000000e+03 -9.999000000000000000e+03 -9.999000000000000000e+03 -9.999000000000000000e+03 4.316562000000000177e-02 6.935373000000000232e-02 8.363956000000000168e-02 9.746781000000000195e-02 1.598944499999999935e-01 2.892822600000000133e-01 4.769740000000000091e-01 5.398967000000000072e-01 3.208917700000000206e-01 5.459099299999999738e-02 3.789776999999999729e-01 6.051268600000000442e-01 7.716003999999999641e-01 7.943033000000000454e-01 5.452479999999999549e-01 8.787725000000000397e-02 6.475615500000000413e-01 3.500604600000000177e-01 9.618739499999999776e-01 2.144881700000000002e+00 2.724758000000000013e+00 2.847175399999999801e+00 2.849816000000000127e+00 2.420633299999999988e+00 2.002028999999999836e+00 1.599658500000000094e+00 1.186860900000000107e+00 7.466886600000000040e-01 1.380271900000000107e+00 2.818750599999999995e+00 3.715278899999999940e+00 3.497384999999999966e+00 2.770502299999999973e+00
-9.999000000000000000e+03 -9.999000000000000000e+03 -9.999000000000000000e+03 -9.999000000000000000e+03 -9.999000000000000000e+03 1.170588000000000045e-01 1.474488999999999939e-01 1.520715199999999878e-01 1.694776100000000008e-01 2.400355499999999864e-01 4.274273800000000234e-01 5.899362000000000217e-01 4.942917499999999742e-01 1.656171800000000027e-01 2.054323600000000083e-01 5.040879000000000332e-01 7.200771999999999728e-01 8.113004999999999800e-01 7.515642000000000156e-01 3.629824199999999723e-01 4.191110699999999745e-01 6.079986699999999633e-01 1.038061899999999982e+00 1.983139399999999997e+00 2.518695399999999918e+00 2.640068999999999999e+00 2.570166599999999857e+00 2.121205999999999925e+00 1.833314200000000005e+00 1.791791099999999970e+00 1.721218600000000043e+00 2.039237700000000153e+00 3.176238500000000187e+00 4.068156199999999778e+00 4.004228600000000249e+00 3.068832000000000004e+00 1.976433399999999896e+00
-9.999000000000000000e+03 -9.999000000000000000e+03 -9.999000000000000000e+03 -9.999000000000000000e+03 -9.999000000000000000e+03 9.640161999999999343e-02 1.709467299999999912e-01 2.028308199999999950e-01 2.026819599999999943e-01 2.384113700000000113e-01 3.748538799999999727e-01 5.683476299999999926e-01 6.172653000000000167e-01 4.196430700000000069e-01 6.318810599999999389e-02 3.035669599999999968e-01 5.750649599999999584e-01 7.535182999999999742e-01 8.936541999999999542e-01 8.296324000000000476e-01 3.508046300000000062e-01 3.736066200000000004e-01 1.083896299999999924e+00 1.748400900000000036e+00 2.239934400000000103e+00 2.334343399999999846e+00 2.207842799999999883e+00 1.745423799999999970e+00 1.439923000000000064e+00 1.423853899999999895e+00 1.843428700000000031e+00 3.936868000000000034e+00 5.533410499999999566e+00 4.618706000000000422e+00 3.189500600000000130e+00 2.330929799999999830e+00 2.061246899999999993e+00
-9.999000000000000000e+03 -9.999000000000000000e+03 -9.999000000000000000e+03 -9.999000000000000000e+03 -9.999000000000000000e+03 -9.999000000000000000e+03 1.395049800000000007e-01 2.065838700000000028e-01 2.490420000000000134e-01 2.705383299999999935e-01 3.490711000000000230e-01 5.101002000000000036e-01 6.456952999999999721e-01 6.185865000000000391e-01 3.494387999999999939e-01 4.403542700000000198e-02 3.282448600000000272e-01 5.412443000000000115e-01 7.295717000000000452e-01 8.231205299999999614e-01 7.570523599999999798e-01 9.233198000000000238e-01 1.197503399999999996e+00 1.593493300000000001e+00 1.957234499999999988e+00 1.988147000000000109e+00 1.862772000000000094e+00 1.409043899999999905e+00 1.016343400000000008e+00 1.115651699999999913e+00 2.752125500000000002e+00 5.912554300000000040e+00 7.123287699999999667e+00 4.853574000000000055e+00 3.675054600000000171e+00 3.134357699999999802e+00 3.061961000000000155e+00
-9.999000000000000000e+03 -9.999000000000000000e+03 -9.999000000000000000e+03 -9.999000000000000000e+03 -9.999000000000000000e+03 -9.999000000000000000e+03 -9.999000000000000000e+03 2.621781499999999987e-01 3.197356800000000221e-01 3.422036800000000101e-01 3.887356499999999881e-01 4.996866600000000047e-01 6.424216999999999844e-01 7.328872699999999796e-01 6.043292000000000108e-01 3.191637399999999736e-01 2.091969499999999926e-01 3.269107299999999827e-01 4.723238599999999843e-01 6.611629999999999452e-01 1.164064599999999894e+00 1.694717400000000040e+00 1.705594300000000008e+00 1.625964299999999918e+00 1.593106399999999923e+00 1.605144700000000091e+00 1.609553800000000034e+00 1.279363599999999934e+00 9.882384499999999905e-01 1.478391199999999905e+00 3.511670399999999859e+00 6.732170599999999894e+00 7.463867699999999772e+00 4.280253000000000085e+00 3.299037199999999892e+00 3.280578400000000006e+00 3.020779800000000126e+00
-9.999000000000000000e+03 -9.999000000000000000e+03 -9.999000000000000000e+03 -9.999000000000000000e+03 -9.999000000000000000e+03 -9.999000000000000000e+03 -9.999000000000000000e+03 1.731907099999999977e-01 3.220966499999999844e-01 4.015984799999999799e-01 4.436945600000000156e-01 5.247568000000000232e-01 6.421901599999999544e-01 7.750884999999999581e-01 7.757162499999999961e-01 6.179035000000000499e-01 5.458665499999999504e-01 6.431757000000000168e-01 8.833312399999999620e-01 1.271830699999999981e+00 1.784058099999999980e+00 2.105950399999999778e+00 1.779182400000000053e+00 1.286770799999999992e+00 1.053083699999999956e+00 1.240572999999999926e+00 1.471561799999999920e+00 1.378717299999999923e+00 1.357466000000000061e+00 1.905088200000000009e+00 3.558983000000000008e+00 6.372030699999999825e+00 7.320355000000000167e+00 4.616004000000000218e+00 1.134549400000000041e+00 9.313848999999999601e-01 1.209776500000000032e+00
-9.999000000000000000e+03 -9.999000000000000000e+03 -9.999000000000000000e+03 -9.999000000000000000e+03 -9.999000000000000000e+03 -9.999000000000000000e+03 -9.999000000000000000e+03 -9.999000000000000000e+03 4.035163500000000236e-01 5.103877999999999471e-01 5.715928999999999593e-01 6.526994999999999880e-01 7.619569999999999954e-01 9.060755999999999810e-01 1.012032400000000054e+00 1.037412800000000024e+00 1.124007100000000037e+00 1.310956699999999975e+00 1.550194300000000025e+00 1.792823599999999962e+00 1.938765800000000095e+00 1.817554700000000079e+00 1.183950700000000023e+00 6.211040599999999579e-01 6.109322299999999650e-01 9.913119999999999710e-01 1.433190100000000022e+00 1.615814800000000107e+00 1.802836399999999895e+00 2.104675499999999921e+00 2.967251500000000153e+00 5.148948700000000045e+00 6.837379499999999943e+00 5.879606199999999561e+00 2.920792599999999961e+00 9.149159000000000042e-01 4.155226300000000039e-01
-9.999000000000000000e+03 -9.999000000000000000e+03 -9.999000000000000000e+03 -9.999000000000000000e+03 -9.999000000000000000e+03 -9.999000000000000000e+03 -9.999000000000000000e+03 -9.999000000000000000e+03 2.825415700000000196e-01 5.532742999999999967e-01 6.877851999999999855e-01 7.898487400000000491e-01 9.186846600000000418e-01 1.085764600000000080e+00 1.272502999999999940e+00 1.447353799999999913e+00 1.633057399999999992e+00 1.805235399999999935e+00 1.931640000000000024e+00 1.956074499999999938e+00 1.767675600000000014e+00 1.321852900000000108e+00 7.043679400000000257e-01 4.034636600000000017e-01 4.826325499999999935e-01 8.330977600000000205e-01 1.431993700000000036e+00 1.863300399999999968e+00 2.161769399999999841e+00 2.109748999999999874e+00 2.160002700000000164e+00 3.614800999999999931e+00 5.715292500000000331e+00 6.354796000000000333e+00 4.325520000000000032e+00 1.841859300000000088e+00 1.082033000000000023e+00
-9.999000000000000000e+03 -9.999000000000000000e+03 -9.999000000000000000e+03 -9.999000000000000000e+03 -9.999000000000000000e+03 -9.999000000000000000e+03 -9.999000000000000000e+03 -9.999000000000000000e+03 -9.999000000000000000e+03 6.292286999999999741e-01 7.864442999999999850e-01 9.194936999999999694e-01 1.081066300000000036e+00 1.277101800000000065e+00 1.505365300000000017e+00 1.730351100000000031e+00 1.912572099999999997e+00 2.009533600000000142e+00 2.028748999999999914e+00 1.924894799999999906e+00 1.632767099999999916e+00 1.212844699999999998e+00 8.034575999999999940e-01 5.050035999999999969e-01 3.298450700000000180e-01 6.451703300000000141e-01 1.396860400000000002e+00 2.024298200000000048e+00 2.406036600000000192e+00 2.131461900000000131e+00 1.656953200000000015e+00 2.390787399999999785e+00 4.186544399999999833e+00 5.914117300000000021e+00 5.313727400000000323e+00 2.731571999999999889e+00 9.444383400000000428e-01
-9.999000000000000000e+03 -9.999000000000000000e+03 -9.999000000000000000e+03 -9.999000000000000000e+03 -9.999000000000000000e+03 -9.999000000000000000e+03 -9.999000000000000000e+03 -9.999000000000000000e+03 -9.999000000000000000e+03 6.239744999999999875e-01 9.421819999999999640e-01 1.109193600000000002e+00 1.302810299999999977e+00 1.524227599999999905e+00 1.763616599999999979e+00 1.979252699999999976e+00 2.131991600000000098e+00 2.184652300000000213e+00 2.147452599999999823e+00 2.000831400000000038e+00 1.768675599999999903e+00 1.539938400000000041e+00 1.327884999999999982e+00 1.010406600000000044e+00 5.183799999999999519e-01 2.852838600000000002e-01 1.200525199999999959e+00 2.038932599999999873e+00 2.588654000000000011e+00 2.366899300000000039e+00 1.676546799999999893e+00 1.811566199999999904e+00 3.029515700000000145e+00 5.258976500000000165e+00 6.075359299999999685e+00 3.860240500000000186e+00 1.782322000000000073e-01
-9.999000000000000000e+03 -9.999000000000000000e+03 -9.999000000000000000e+03 -9.999000000000000000e+03 -9.999000000000000000e+03 -9.999000000000000000e+03 -9.999000000000000000e+03 -9.999000000000000000e+03 -9.999000000000000000e+03 6.666028999999999982e-01 1.035082800000000081e+00 1.209943999999999908e+00 1.399093200000000037e+00 1.612658399999999936e+00 1.827929899999999996e+00 2.006081000000000003e+00 2.124168399999999846e+00 2.146542000000000172e+00 2.080928600000000017e+00 1.937290799999999980e+00 1.789358299999999957e+00 1.699018499999999987e+00 1.639206900000000022e+00 1.533289300000000077e+00 1.215127199999999963e+00 5.020494500000000082e-01 6.596049999999999969e-01 1.782310000000000061e+00 2.620473599999999958e+00 2.678013599999999883e+00 2.043851399999999874e+00 1.645857600000000032e+00 2.115061999999999998e+00 4.454588000000000214e+00 6.548702699999999766e+00 5.113720400000000055e+00 1.631882000000000055e+00
-9.999000000000000000e+03 -9.999000000000000000e+03 -9.999000000000000000e+03 -9.999000000000000000e+03 -9.999000000000000000e+03 -9.999000000000000000e+03 -9.999000000000000000e+03 -9.999000000000000000e+03 -9.999000000000000000e+03 5.437416999999999945e-01 1.169651299999999949e+00 1.371974000000000027e+00 1.550905600000000106e+00 1.759794700000000045e+00 1.962329400000000001e+00 2.119507000000000030e+00 2.218983000000000150e+00 2.219102900000000211e+00 2.135056699999999807e+00 1.996964699999999926e+00 1.862503000000000020e+00 1.781572200000000050e+00 1.812592399999999992e+00 1.986974699999999983e+00 2.045459699999999881e+00 1.564487600000000089e+00 3.942998600000000020e-01 1.101844499999999893e+00 2.389815000000000023e+00 2.871439000000000075e+00 2.454718000000000178e+00 1.735668100000000047e+00 1.542221899999999923e+00 3.681205499999999908e+00 6.584177500000000016e+00 6.275926000000000116e+00 3.064795499999999784e+00
