data/C3/slope.dat
ncols         160
nrows         233
xllcorner     383056
yllcorner     7542000
cellsize      16
NODATA_value  -9999
[rows 208 to 223 of 233, columns 37 to 73 of 160]
1.989211800000000085e+00 2.172845099999999974e+00 2.261780499999999972e+00 2.231743799999999833e+00 2.264384000000000174e+00 1.993814699999999940e+00 1.712218199999999912e+00 1.330962200000000095e+00 8.510439400000000543e-01 4.109899000000000191e-01 1.609713999999999867e-01 7.525039000000000033e-01 1.317356100000000030e+00 1.987355399999999994e+00 3.116229800000000161e+00 3.990061799999999881e+00 4.518628600000000439e+00 4.044715000000000060e+00 2.618178599999999800e+00 1.014371300000000087e+00 7.163368500000000250e-01 2.280986299999999911e+00 3.241917799999999961e+00 3.492823800000000034e+00 3.268578799999999784e+00 2.642425999999999942e+00 2.088146699999999800e+00 1.607172400000000057e+00 1.248438799999999960e+00 1.069464100000000029e+00 9.287250599999999912e-01 8.421681500000000042e-01 7.208284000000000358e-01 5.948379999999999779e-01 5.545841999999999716e-01 4.814002000000000003e-01 4.255297000000000107e-01
2.178936699999999949e+00 2.379806499999999936e+00 2.464849500000000138e+00 2.425452200000000058e+00 2.450731999999999911e+00 2.143126500000000156e+00 1.794204200000000027e+00 1.361872399999999983e+00 8.819957400000000280e-01 4.911627199999999971e-01 2.365786099999999947e-01 6.541748600000000247e-01 1.157532500000000075e+00 1.787652100000000077e+00 2.916969499999999993e+00 3.865102300000000213e+00 4.501219299999999812e+00 4.169777999999999984e+00 2.880369200000000074e+00 1.358853599999999995e+00 3.253169399999999989e-01 1.632655100000000026e+00 2.476160300000000092e+00 2.850930200000000081e+00 2.912584799999999863e+00 2.583652700000000024e+00 2.231323499999999793e+00 1.821327399999999930e+00 1.415008000000000044e+00 1.191653700000000038e+00 1.001506800000000030e+00 9.120819000000000010e-01 8.120420000000000416e-01 6.975900000000000434e-01 6.404132999999999631e-01 5.300238000000000449e-01 4.362056300000000109e-01
2.332775799999999844e+00 2.587880100000000017e+00 2.699365100000000073e+00 2.664415400000000211e+00 2.679856800000000039e+00 2.345298000000000105e+00 1.945931000000000077e+00 1.444055799999999889e+00 9.350242600000000515e-01 5.917189000000000476e-01 3.361387299999999967e-01 5.354628999999999639e-01 9.717700000000000227e-01 1.562677899999999953e+00 2.607803999999999789e+00 3.584219200000000161e+00 4.399401700000000304e+00 4.304389999999999716e+00 3.242349400000000159e+00 1.843614300000000039e+00 3.501320199999999883e-01 1.043554400000000104e+00 1.827834500000000029e+00 2.234744000000000064e+00 2.412369299999999939e+00 2.262694999999999901e+00 2.146515400000000184e+00 1.895829800000000009e+00 1.525100499999999970e+00 1.308378100000000099e+00 1.086992399999999970e+00 9.809384300000000279e-01 8.775349000000000066e-01 7.087590700000000465e-01 4.729859499999999883e-01 3.774576000000000042e-01 2.353112400000000048e-01
2.357990700000000217e+00 2.702988899999999806e+00 2.885728999999999989e+00 2.887297600000000131e+00 2.910875299999999832e+00 2.566323500000000202e+00 2.140582999999999902e+00 1.570608500000000074e+00 9.989255000000000217e-01 6.570322499999999843e-01 3.936681200000000103e-01 4.214341999999999810e-01 7.689677499999999499e-01 1.286008500000000110e+00 2.219936999999999827e+00 3.232549199999999789e+00 4.214483699999999722e+00 4.328594700000000017e+00 3.540939600000000187e+00 2.382979999999999876e+00 9.707546000000000230e-01 6.158687999999999940e-01 1.276836899999999941e+00 1.689092199999999933e+00 1.956323899999999893e+00 1.953197400000000084e+00 1.982075000000000031e+00 1.815668099999999896e+00 1.502423599999999970e+00 1.308676500000000020e+00 1.041812100000000019e+00 7.017892999999999493e-01 4.647534199999999727e-01 -9.999000000000000000e+03 -9.999000000000000000e+03 -9.999000000000000000e+03 -9.999000000000000000e+03
2.369439600000000201e+00 2.803136999999999990e+00 3.079532400000000170e+00 3.130231100000000044e+00 3.161905799999999989e+00 2.814423600000000025e+00 2.393964800000000004e+00 1.789366400000000024e+00 1.147129899999999925e+00 7.557458999999999705e-01 4.582303200000000243e-01 3.542327000000000115e-01 5.669805399999999773e-01 9.778738000000000152e-01 1.790988800000000047e+00 2.816396500000000191e+00 3.909462500000000063e+00 4.191538000000000430e+00 3.702579699999999807e+00 2.919017300000000148e+00 1.812626700000000035e+00 1.099615699999999974e+00 1.146014799999999889e+00 1.418907399999999930e+00 1.691920199999999985e+00 1.761714999999999920e+00 1.686608200000000002e+00 1.588816199999999901e+00 1.054377899999999979e+00 6.782930000000000348e-01 -9.999000000000000000e+03 -9.999000000000000000e+03 -9.999000000000000000e+03 -9.999000000000000000e+03 -9.999000000000000000e+03 -9.999000000000000000e+03 -9.999000000000000000e+03
2.253757199999999905e+00 2.750510699999999975e+00 3.143005000000000049e+00 3.268228800000000156e+00 3.322620899999999988e+00 2.985910200000000181e+00 2.614421600000000012e+00 2.038007299999999855e+00 1.359701800000000071e+00 9.017895000000000216e-01 5.360882999999999621e-01 3.494821799999999756e-01 4.279369000000000089e-01 7.440044000000000102e-01 1.428436199999999934e+00 2.342373600000000167e+00 3.390375000000000139e+00 3.782614500000000213e+00 3.570029499999999967e+00 3.165823000000000054e+00 2.439864599999999939e+00 1.817588699999999946e+00 1.493196699999999932e+00 1.433593499999999965e+00 1.198710799999999965e+00 1.305739900000000064e+00 8.507750600000000274e-01 -9.999000000000000000e+03 -9.999000000000000000e+03 -9.999000000000000000e+03 -9.999000000000000000e+03 -9.999000000000000000e+03 -9.999000000000000000e+03 -9.999000000000000000e+03 -9.999000000000000000e+03 -9.999000000000000000e+03 -9.999000000000000000e+03
2.041519999999999779e+00 2.538488399999999867e+00 3.030476600000000076e+00 3.246795399999999887e+00 3.342788699999999835e+00 3.039204100000000075e+00 2.748000999999999916e+00 2.257424599999999781e+00 1.607634299999999961e+00 1.106346400000000063e+00 6.663099999999999579e-01 4.330710999999999866e-01 4.339542699999999753e-01 6.809444399999999842e-01 1.232761500000000066e+00 1.925440400000000052e+00 2.753355299999999950e+00 3.153112600000000043e+00 3.159779799999999916e+00 3.056305599999999956e+00 2.656509900000000091e+00 2.221556399999999876e+00 1.835353400000000024e+00 1.233078700000000083e+00 6.626558999999999644e-01 -9.999000000000000000e+03 -9.999000000000000000e+03 -9.999000000000000000e+03 -9.999000000000000000e+03 -9.999000000000000000e+03 -9.999000000000000000e+03 -9.999000000000000000e+03 -9.999000000000000000e+03 -9.999000000000000000e+03 -9.999000000000000000e+03 -9.999000000000000000e+03 -9.999000000000000000e+03
1.975257599999999947e+00 2.396042800000000028e+00 2.873457399999999939e+00 3.125306399999999929e+00 3.267438199999999959e+00 3.027539500000000050e+00 2.833394999999999886e+00 2.457616300000000198e+00 1.895040000000000058e+00 1.398680399999999935e+00 9.118382999999999905e-01 6.400000500000000425e-01 5.769208000000000114e-01 7.303129000000000426e-01 1.117361400000000060e+00 1.564141500000000073e+00 2.127239199999999997e+00 2.494419300000000117e+00 2.677423699999999851e+00 2.803593199999999896e+00 2.666351000000000138e+00 2.416337500000000027e+00 1.898652299999999959e+00 1.046062100000000106e+00 -9.999000000000000000e+03 -9.999000000000000000e+03 -9.999000000000000000e+03 -9.999000000000000000e+03 -9.999000000000000000e+03 -9.999000000000000000e+03 -9.999000000000000000e+03 -9.999000000000000000e+03 -9.999000000000000000e+03 -9.999000000000000000e+03 -9.999000000000000000e+03 -9.999000000000000000e+03 -9.999000000000000000e+03
2.027273999999999798e+00 2.364420200000000083e+00 2.711467499999999919e+00 2.891317400000000148e+00 3.061457400000000106e+00 2.899077699999999869e+00 2.803109000000000073e+00 2.541325599999999962e+00 2.094035600000000219e+00 1.665394899999999900e+00 1.175976200000000027e+00 8.592606000000000410e-01 7.170349999999999779e-01 7.409230999999999456e-01 9.506424700000000172e-01 1.203810199999999941e+00 1.563816799999999896e+00 1.870056900000000022e+00 2.107706499999999927e+00 2.337472200000000111e+00 2.373410499999999868e+00 2.210867200000000032e+00 1.466860999999999970e+00 -9.999000000000000000e+03 -9.999000000000000000e+03 -9.999000000000000000e+03 -9.999000000000000000e+03 -9.999000000000000000e+03 -9.999000000000000000e+03 -9.999000000000000000e+03 -9.999000000000000000e+03 -9.999000000000000000e+03 -9.999000000000000000e+03 -9.999000000000000000e+03 -9.999000000000000000e+03 -9.999000000000000000e+03 -9.999000000000000000e+03
2.214464200000000105e+00 2.475691600000000214e+00 2.653818999999999928e+00 2.699533000000000182e+00 2.865925600000000184e+00 2.778577299999999806e+00 2.772283799999999854e+00 2.610222600000000170e+00 2.275986200000000181e+00 1.950982900000000075e+00 1.509244000000000030e+00 1.152379199999999937e+00 8.925856399999999580e-01 7.283693599999999657e-01 7.175593999999999584e-01 8.375067999999999957e-01 1.113483299999999954e+00 1.400429600000000052e+00 1.670561900000000044e+00 1.952018699999999995e+00 1.703419800000000039e+00 1.072920799999999897e+00 -9.999000000000000000e+03 -9.999000000000000000e+03 -9.999000000000000000e+03 -9.999000000000000000e+03 -9.999000000000000000e+03 -9.999000000000000000e+03 -9.999000000000000000e+03 -9.999000000000000000e+03 -9.999000000000000000e+03 -9.999000000000000000e+03 -9.999000000000000000e+03 -9.999000000000000000e+03 -9.999000000000000000e+03 -9.999000000000000000e+03 -9.999000000000000000e+03
2.377164800000000078e+00 2.596889500000000073e+00 2.667966600000000188e+00 2.603072000000000052e+00 2.718583000000000194e+00 2.652397000000000116e+00 2.693816700000000175e+00 2.596600000000000019e+00 2.340837500000000126e+00 2.101430199999999804e+00 1.715510499999999938e+00 1.347249700000000106e+00 1.004869100000000071e+00 7.068392599999999693e-01 4.962438299999999969e-01 4.836765499999999829e-01 7.215956000000000037e-01 1.008491299999999979e+00 1.281814599999999915e+00 1.222382800000000103e+00 -9.999000000000000000e+03 -9.999000000000000000e+03 -9.999000000000000000e+03 -9.999000000000000000e+03 -9.999000000000000000e+03 -9.999000000000000000e+03 -9.999000000000000000e+03 -9.999000000000000000e+03 -9.999000000000000000e+03 -9.999000000000000000e+03 -9.999000000000000000e+03 -9.999000000000000000e+03 -9.999000000000000000e+03 -9.999000000000000000e+03 -9.999000000000000000e+03 -9.999000000000000000e+03 -9.999000000000000000e+03
2.447901700000000069e+00 2.657331000000000110e+00 2.708715000000000206e+00 2.604405400000000093e+00 2.654450000000000198e+00 2.558084200000000141e+00 2.598566799999999954e+00 2.529964999999999797e+00 2.326266799999999968e+00 2.151592700000000136e+00 1.818496799999999913e+00 1.476732699999999898e+00 1.113639000000000046e+00 7.620584000000000247e-01 4.472768300000000141e-01 2.097874299999999970e-01 3.545254199999999800e-01 6.370962000000000014e-01 6.769819000000000253e-01 -9.999000000000000000e+03 -9.999000000000000000e+03 -9.999000000000000000e+03 -9.999000000000000000e+03 -9.999000000000000000e+03 -9.999000000000000000e+03 -9.999000000000000000e+03 -9.999000000000000000e+03 -9.999000000000000000e+03 -9.999000000000000000e+03 -9.999000000000000000e+03 -9.999000000000000000e+03 -9.999000000000000000e+03 -9.999000000000000000e+03 -9.999000000000000000e+03 -9.999000000000000000e+03 -9.999000000000000000e+03 -9.999000000000000000e+03
2.459784700000000157e+00 2.677219000000000015e+00 2.758858200000000149e+00 2.684305699999999906e+00 2.710900800000000110e+00 2.584857200000000077e+00 2.599772699999999936e+00 2.538814799999999927e+00 2.376483400000000135e+00 2.257763900000000046e+00 1.981335000000000068e+00 1.690136899999999942e+00 1.338638800000000018e+00 9.665445999999999760e-01 6.364841500000000263e-01 2.942037599999999808e-01 2.667273200000000108e-02 2.556990699999999728e-01 -9.999000000000000000e+03 -9.999000000000000000e+03 -9.999000000000000000e+03 -9.999000000000000000e+03 -9.999000000000000000e+03 -9.999000000000000000e+03 -9.999000000000000000e+03 -9.999000000000000000e+03 -9.999000000000000000e+03 -9.999000000000000000e+03 -9.999000000000000000e+03 -9.999000000000000000e+03 -9.999000000000000000e+03 -9.999000000000000000e+03 -9.999000000000000000e+03 -9.999000000000000000e+03 -9.999000000000000000e+03 -9.999000000000000000e+03 -9.999000000000000000e+03
2.359620000000000051e+00 2.595965399999999867e+00 2.716064199999999929e+00 2.696909400000000012e+00 2.743597700000000028e+00 2.600536299999999912e+00 2.575105000000000199e+00 2.497030999999999779e+00 2.349547600000000180e+00 2.270958999999999950e+00 2.044705399999999784e+00 1.819519499999999956e+00 1.511786999999999992e+00 1.154775300000000060e+00 8.596313599999999555e-01 4.860947700000000093e-01 9.159335000000000393e-02 -9.999000000000000000e+03 -9.999000000000000000e+03 -9.999000000000000000e+03 -9.999000000000000000e+03 -9.999000000000000000e+03 -9.999000000000000000e+03 -9.999000000000000000e+03 -9.999000000000000000e+03 -9.999000000000000000e+03 -9.999000000000000000e+03 -9.999000000000000000e+03 -9.999000000000000000e+03 -9.999000000000000000e+03 -9.999000000000000000e+03 -9.999000000000000000e+03 -9.999000000000000000e+03 -9.999000000000000000e+03 -9.999000000000000000e+03 -9.999000000000000000e+03 -9.999000000000000000e+03
2.247538800000000059e+00 2.509751599999999971e+00 2.673833399999999916e+00 2.729029399999999939e+00 2.836509500000000017e+00 2.721522300000000172e+00 2.675243099999999874e+00 2.582892199999999860e+00 2.440529300000000124e+00 2.378267000000000131e+00 2.179488399999999881e+00 2.001743600000000178e+00 1.733463900000000057e+00 1.394620699999999935e+00 8.436023599999999956e-01 -9.999000000000000000e+03 -9.999000000000000000e+03 -9.999000000000000000e+03 -9.999000000000000000e+03 -9.999000000000000000e+03 -9.999000000000000000e+03 -9.999000000000000000e+03 -9.999000000000000000e+03 -9.999000000000000000e+03 -9.999000000000000000e+03 -9.999000000000000000e+03 -9.999000000000000000e+03 -9.999000000000000000e+03 -9.999000000000000000e+03 -9.999000000000000000e+03 -9.999000000000000000e+03 -9.999000000000000000e+03 -9.999000000000000000e+03 -9.999000000000000000e+03 -9.999000000000000000e+03 -9.999000000000000000e+03 -9.999000000000000000e+03
2.074616199999999910e+00 2.355197200000000102e+00 2.555273500000000197e+00 2.677711200000000069e+00 2.858918000000000070e+00 2.810569800000000118e+00 2.780617200000000011e+00 2.677693999999999797e+00 2.522733699999999857e+00 2.460232700000000161e+00 2.270963399999999854e+00 2.134202000000000155e+00 1.908128000000000046e+00 1.208022499999999999e+00 -9.999000000000000000e+03 -9.999000000000000000e+03 -9.999000000000000000e+03 -9.999000000000000000e+03 -9.999000000000000000e+03 -9.999000000000000000e+03 -9.999000000000000000e+03 -9.999000000000000000e+03 -9.999000000000000000e+03 -9.999000000000000000e+03 -9.999000000000000000e+03 -9.999000000000000000e+03 -9.999000000000000000e+03 -9.999000000000000000e+03 -9.999000000000000000e+03 -9.999000000000000000e+03 -9.999000000000000000e+03 -9.999000000000000000e+03 -9.999000000000000000e+03 -9.999000000000000000e+03 -9.999000000000000000e+03 -9.999000000000000000e+03 -9.999000000000000000e+03
