data/C3/slope.dat
ncols         160
nrows         233
xllcorner     383056
yllcorner     7542000
cellsize      16
NODATA_value  -9999
[rows 64 to 79 of 233, columns 74 to 110 of 160]
2.534343199999999907e+00 2.231920000000000126e+00 2.454056000000000015e+00 2.920306399999999858e+00 4.394048999999999872e+00 6.791968299999999736e+00 1.007149500000000053e+01 1.214892900000000076e+01 1.019671800000000061e+01 7.171287500000000037e+00 5.045206000000000301e+00 3.911328800000000161e+00 4.062250999999999834e+00 4.356571699999999936e+00 5.063439999999999941e+00 5.304558000000000106e+00 5.102143299999999826e+00 5.098620999999999626e+00 4.626422400000000046e+00 4.392695400000000028e+00 3.944006400000000134e+00 3.358556300000000050e+00 3.159664900000000110e+00 2.892044799999999860e+00 3.237579600000000113e+00 3.841295500000000196e+00 4.543730000000000047e+00 5.351413199999999648e+00 5.287467499999999987e+00 4.928257000000000332e+00 4.530117500000000241e+00 4.435825999999999603e+00 4.936239200000000160e+00 5.317137999999999920e+00 5.896252600000000399e+00 6.038410999999999973e+00 5.740179499999999990e+00
2.400033500000000153e+00 2.141194599999999948e+00 2.625783199999999873e+00 3.490589400000000175e+00 5.553806999999999938e+00 8.214270000000000849e+00 1.069923600000000086e+01 1.152036700000000025e+01 8.916244999999999976e+00 6.030539000000000094e+00 4.530793700000000257e+00 4.000290399999999913e+00 4.341200999999999866e+00 4.522039399999999709e+00 5.015301700000000196e+00 5.196016300000000143e+00 5.114746600000000143e+00 5.309295699999999840e+00 4.958386400000000194e+00 4.656699999999999839e+00 3.995984299999999934e+00 3.205144199999999888e+00 2.865832800000000180e+00 2.459807399999999866e+00 2.440497999999999834e+00 2.734093399999999896e+00 3.483842000000000105e+00 4.545224700000000340e+00 4.724347999999999992e+00 4.469240700000000288e+00 4.112063400000000257e+00 4.235068000000000055e+00 5.043636300000000183e+00 5.528345999999999982e+00 6.015339400000000225e+00 6.008130600000000321e+00 5.557124599999999859e+00
2.351038200000000078e+00 2.132346599999999981e+00 2.786239399999999922e+00 3.992534000000000027e+00 6.684984700000000224e+00 9.422881000000000284e+00 1.076122950000000067e+01 1.029495099999999930e+01 7.527058600000000155e+00 5.252166299999999843e+00 4.252823399999999587e+00 4.015499600000000058e+00 4.426167000000000407e+00 4.557732599999999579e+00 4.994645600000000130e+00 5.192310299999999934e+00 5.183142700000000325e+00 5.442963599999999680e+00 5.084434500000000412e+00 4.690541699999999814e+00 3.950374800000000075e+00 3.139940699999999918e+00 2.808266199999999824e+00 2.411625100000000188e+00 2.245300799999999875e+00 2.240160700000000116e+00 2.653486500000000081e+00 3.542576299999999900e+00 3.849995600000000184e+00 3.709922999999999860e+00 3.121372699999999778e+00 3.117076200000000075e+00 4.383774299999999791e+00 5.341626599999999669e+00 5.997029300000000340e+00 5.946110199999999679e+00 5.281616999999999784e+00
2.520170699999999986e+00 2.408454700000000059e+00 3.195695900000000034e+00 4.726309299999999602e+00 7.977638999999999925e+00 1.061641400000000068e+01 1.084499100000000027e+01 9.295014999999999361e+00 6.419232400000000283e+00 4.699639999999999596e+00 4.050287700000000157e+00 3.940380600000000122e+00 4.419074000000000169e+00 4.610477399999999726e+00 5.089442700000000208e+00 5.296066299999999671e+00 5.249133600000000399e+00 5.452862299999999607e+00 5.046675999999999718e+00 4.654943000000000275e+00 4.000033000000000172e+00 3.307089299999999898e+00 3.042686699999999966e+00 2.676974799999999988e+00 2.491119900000000165e+00 2.375971799999999856e+00 2.456669600000000120e+00 2.940170499999999798e+00 3.177757999999999861e+00 3.207205800000000107e+00 2.622330999999999968e+00 2.147350799999999893e+00 3.310920700000000050e+00 4.714845000000000397e+00 5.787744499999999626e+00 5.840305999999999997e+00 4.996915999999999691e+00
2.817455499999999891e+00 2.941403199999999885e+00 4.042580000000000062e+00 5.941726700000000250e+00 9.293233000000000743e+00 1.127050200000000046e+01 1.044709399999999988e+01 8.213934999999999320e+00 5.344559699999999580e+00 4.073616000000000348e+00 3.775657999999999959e+00 3.854380599999999824e+00 4.444069400000000059e+00 4.724844499999999670e+00 5.231751400000000274e+00 5.391192000000000206e+00 5.244748000000000410e+00 5.363683700000000165e+00 4.931261499999999742e+00 4.645878999999999870e+00 4.171800600000000081e+00 3.621363199999999782e+00 3.400206999999999979e+00 2.987225000000000019e+00 2.727973700000000168e+00 2.544690800000000142e+00 2.491464600000000029e+00 2.698927900000000157e+00 2.760219000000000200e+00 2.825270000000000170e+00 2.542307600000000001e+00 2.118435600000000196e+00 2.814885900000000163e+00 3.959640299999999780e+00 5.212308400000000397e+00 5.389081499999999636e+00 4.427162599999999948e+00
3.257709300000000141e+00 3.670765400000000067e+00 5.184031499999999681e+00 7.291231999999999935e+00 1.008074700000000057e+01 1.094170500000000068e+01 9.292044000000000636e+00 6.964754600000000018e+00 4.443526300000000262e+00 3.574101199999999867e+00 3.567880399999999952e+00 3.847691800000000217e+00 4.526828000000000074e+00 4.834385000000000154e+00 5.315140200000000092e+00 5.409892600000000051e+00 5.187646400000000213e+00 5.267379299999999986e+00 4.858858999999999817e+00 4.712248999999999910e+00 4.416138000000000119e+00 3.968302500000000066e+00 3.716864000000000168e+00 3.131680300000000194e+00 2.712037000000000031e+00 2.474728600000000167e+00 2.408551500000000178e+00 2.544526600000000194e+00 2.568781099999999817e+00 2.694271800000000106e+00 2.747743799999999847e+00 2.761636000000000202e+00 3.170696299999999912e+00 3.635245600000000188e+00 4.527687499999999865e+00 4.680193400000000281e+00 3.699121199999999998e+00
4.026666999999999774e+00 4.637411600000000078e+00 6.346640999999999977e+00 8.221985999999999351e+00 1.005300599999999989e+01 9.968505999999999645e+00 7.957383000000000095e+00 5.913059699999999808e+00 3.959439999999999849e+00 3.401086999999999971e+00 3.541488999999999887e+00 3.934043599999999863e+00 4.639995599999999776e+00 4.895403400000000183e+00 5.312462000000000018e+00 5.372202999999999840e+00 5.142553999999999625e+00 5.238347499999999712e+00 4.885320700000000294e+00 4.841319600000000278e+00 4.648004499999999872e+00 4.235694399999999860e+00 3.886319900000000160e+00 3.079378000000000171e+00 2.538076999999999916e+00 2.343233000000000121e+00 2.350752599999999859e+00 2.530022400000000005e+00 2.631614400000000131e+00 2.871942499999999843e+00 3.064887800000000162e+00 3.114345600000000047e+00 3.195695199999999847e+00 3.249411799999999850e+00 3.828114999999999934e+00 3.941014800000000040e+00 3.150972400000000118e+00
4.808380599999999561e+00 5.417318299999999809e+00 6.987474999999999881e+00 8.342167999999999140e+00 9.344360999999999251e+00 8.754514000000000351e+00 6.724980000000000402e+00 5.037878000000000078e+00 3.629181099999999827e+00 3.377457900000000013e+00 3.605096800000000101e+00 4.026277000000000328e+00 4.706040400000000012e+00 4.873140300000000202e+00 5.223148000000000124e+00 5.286109999999999864e+00 5.104206600000000371e+00 5.240019000000000204e+00 4.929185399999999717e+00 4.929459600000000385e+00 4.743440599999999563e+00 4.277879699999999730e+00 3.807796000000000181e+00 2.858286399999999894e+00 2.292048499999999933e+00 2.164412700000000189e+00 2.269779999999999909e+00 2.551621700000000104e+00 2.736122099999999779e+00 2.985097999999999807e+00 3.012607800000000058e+00 2.801482200000000145e+00 2.814336299999999902e+00 2.874597800000000092e+00 3.296672599999999953e+00 3.373475800000000024e+00 2.825915800000000200e+00
5.581705999999999612e+00 6.077639600000000364e+00 7.322177400000000169e+00 8.205659000000000702e+00 8.737928000000000139e+00 7.849103999999999637e+00 5.865958700000000192e+00 4.502915999999999919e+00 3.498627400000000165e+00 3.476423000000000041e+00 3.761549200000000148e+00 4.145623699999999801e+00 4.739529000000000103e+00 4.823274999999999757e+00 5.140255999999999936e+00 5.232003999999999877e+00 5.111184999999999867e+00 5.290014300000000169e+00 4.992194699999999763e+00 4.971357300000000201e+00 4.725706599999999646e+00 4.180756599999999601e+00 3.691797300000000170e+00 2.821798600000000157e+00 2.389357599999999859e+00 2.326054000000000066e+00 2.465176599999999940e+00 2.767065999999999804e+00 2.897292600000000107e+00 2.960052999999999823e+00 2.721589300000000211e+00 2.387097999999999942e+00 2.549042700000000217e+00 2.732631700000000219e+00 3.023774400000000195e+00 3.027212599999999920e+00 2.607512199999999947e+00
5.758117699999999672e+00 6.126350000000000406e+00 7.185645000000000060e+00 7.860259499999999733e+00 8.188601500000000755e+00 7.085288000000000252e+00 5.197966599999999993e+00 4.182851300000000272e+00 3.499020600000000147e+00 3.622709799999999980e+00 3.919039199999999834e+00 4.203236600000000323e+00 4.676134000000000235e+00 4.719744000000000383e+00 5.072273000000000032e+00 5.216850299999999940e+00 5.148685500000000026e+00 5.359642499999999643e+00 5.036426999999999765e+00 4.936581000000000330e+00 4.604223000000000177e+00 4.011034999999999684e+00 3.635673000000000155e+00 2.988707499999999850e+00 2.719514100000000045e+00 2.659053999999999807e+00 2.706987600000000160e+00 2.889978199999999831e+00 2.841447399999999845e+00 2.693071799999999794e+00 2.382235800000000125e+00 2.184395299999999818e+00 2.457188400000000161e+00 2.658185000000000020e+00 2.868647300000000122e+00 2.806083999999999801e+00 2.413708399999999976e+00
5.549859999999999793e+00 5.847368999999999595e+00 6.888544600000000351e+00 7.432645299999999899e+00 7.532558400000000098e+00 6.309489700000000312e+00 4.633414700000000330e+00 3.966568000000000094e+00 3.542513800000000046e+00 3.746279200000000031e+00 3.998583800000000021e+00 4.156121299999999685e+00 4.528554999999999886e+00 4.582998299999999858e+00 5.035198000000000285e+00 5.267454999999999998e+00 5.236316699999999713e+00 5.430151999999999646e+00 5.040021399999999652e+00 4.857069499999999707e+00 4.469693699999999659e+00 3.902779799999999799e+00 3.717208600000000196e+00 3.314340599999999970e+00 3.152122499999999938e+00 3.009346999999999994e+00 2.853657199999999783e+00 2.803464200000000073e+00 2.524007800000000135e+00 2.268259000000000025e+00 2.102340199999999992e+00 2.138506399999999807e+00 2.454992299999999794e+00 2.624009599999999942e+00 2.793187399999999876e+00 2.686233500000000163e+00 2.290608600000000106e+00
5.635752700000000281e+00 5.919813000000000436e+00 6.951366400000000390e+00 7.224637500000000045e+00 6.921413399999999605e+00 5.678534499999999596e+00 4.294109999999999872e+00 3.875117499999999993e+00 3.614516699999999805e+00 3.836869699999999828e+00 4.019337700000000346e+00 4.080605499999999886e+00 4.406240999999999630e+00 4.505291999999999852e+00 5.075942999999999650e+00 5.411949599999999805e+00 5.387871299999999586e+00 5.494837000000000415e+00 5.016298299999999877e+00 4.801575699999999891e+00 4.443205400000000083e+00 3.988312200000000196e+00 3.980644999999999989e+00 3.738278600000000118e+00 3.613467500000000054e+00 3.345136999999999805e+00 2.941257499999999858e+00 2.613687999999999789e+00 2.136683199999999783e+00 1.867642599999999931e+00 1.883792600000000039e+00 2.111801999999999957e+00 2.505200100000000152e+00 2.704425800000000102e+00 2.854633600000000104e+00 2.694869499999999807e+00 2.253921000000000063e+00
5.932949500000000320e+00 6.230214600000000047e+00 7.205025700000000199e+00 7.075295399999999901e+00 6.306534000000000084e+00 5.113053999999999988e+00 4.026180700000000279e+00 3.755140799999999945e+00 3.562022999999999939e+00 3.775532699999999853e+00 3.916744500000000073e+00 3.954292000000000140e+00 4.298221599999999754e+00 4.472311499999999995e+00 5.143297999999999703e+00 5.537707300000000110e+00 5.469642000000000337e+00 5.457150000000000389e+00 4.914250000000000007e+00 4.737553000000000125e+00 4.484078399999999576e+00 4.164927999999999741e+00 4.251835299999999762e+00 4.039452599999999727e+00 3.864898999999999862e+00 3.411155200000000054e+00 2.734030000000000182e+00 2.190743400000000118e+00 1.655478599999999911e+00 1.467546199999999912e+00 1.686355000000000048e+00 2.166786999999999797e+00 2.694090000000000096e+00 2.883611199999999819e+00 2.958199700000000210e+00 2.708737100000000009e+00 2.204661799999999783e+00
6.549661000000000399e+00 6.918579600000000163e+00 7.660531999999999897e+00 7.008519999999999861e+00 5.843641800000000330e+00 4.703718699999999586e+00 3.864247000000000209e+00 3.707949999999999857e+00 3.552791399999999822e+00 3.757522300000000204e+00 3.895317799999999941e+00 3.962556800000000212e+00 4.350860599999999856e+00 4.592941999999999858e+00 5.299792300000000012e+00 5.658898999999999901e+00 5.497473699999999575e+00 5.398761699999999664e+00 4.854758000000000351e+00 4.749286699999999861e+00 4.618317000000000228e+00 4.412050699999999992e+00 4.519534600000000069e+00 4.252373699999999701e+00 3.955732999999999944e+00 3.286602999999999941e+00 2.408210799999999985e+00 1.836292899999999895e+00 1.443913500000000072e+00 1.403631899999999932e+00 1.791203000000000101e+00 2.541180999999999912e+00 3.196077299999999788e+00 3.271973099999999857e+00 3.144834299999999860e+00 2.738558499999999896e+00 2.188766499999999837e+00
7.295639999999999681e+00 7.641295999999999644e+00 7.888848999999999556e+00 6.672376599999999769e+00 5.328671499999999561e+00 4.305742699999999701e+00 3.673541800000000190e+00 3.639534199999999942e+00 3.540289899999999879e+00 3.750794200000000078e+00 3.900928299999999904e+00 4.016073999999999700e+00 4.473037999999999847e+00 4.755788299999999857e+00 5.429954500000000017e+00 5.699557999999999680e+00 5.444473300000000293e+00 5.322364999999999569e+00 4.827744499999999661e+00 4.796202000000000076e+00 4.772667000000000215e+00 4.636883300000000041e+00 4.682198500000000152e+00 4.251769000000000354e+00 3.738522000000000123e+00 2.869378999999999902e+00 1.936912399999999979e+00 1.519742799999999949e+00 1.397906700000000058e+00 1.646175699999999908e+00 2.247202000000000144e+00 3.076800800000000002e+00 3.665933799999999909e+00 3.525011999999999812e+00 3.120581899999999909e+00 2.560521800000000070e+00 2.042124700000000015e+00
8.009900000000000020e+00 8.226134000000000057e+00 7.900780000000000136e+00 6.205273599999999945e+00 4.847507000000000232e+00 3.974352399999999896e+00 3.502397999999999900e+00 3.573313199999999856e+00 3.522867699999999935e+00 3.733854800000000029e+00 3.893247600000000030e+00 4.054935500000000026e+00 4.578708999999999918e+00 4.868066299999999735e+00 5.481876399999999983e+00 5.672833400000000026e+00 5.362351399999999657e+00 5.260294000000000025e+00 4.848709999999999631e+00 4.906233000000000288e+00 4.960308999999999635e+00 4.816913999999999696e+00 4.704658000000000229e+00 4.040125399999999978e+00 3.303489200000000015e+00 2.368206699999999998e+00 1.535652400000000029e+00 1.299549300000000018e+00 1.400597799999999893e+00 1.957988099999999898e+00 2.749321199999999799e+00 3.443750599999999995e+00 3.779042000000000012e+00 3.407099699999999842e+00 2.807634000000000185e+00 2.225003699999999807e+00 1.839261500000000105e+00
