data/C3/twi.dat
ncols         160
nrows         233
xllcorner     383056
yllcorner     7542000
cellsize      16
NODATA_value  -9999
[rows 80 to 95 of 233, columns 74 to 110 of 160]
8.396338999999999331e+00 8.346612999999999616e+00 8.391227000000000658e+00 8.634577999999999420e+00 8.872436999999999685e+00 9.031681000000000736e+00 9.157154000000000238e+00 9.139843000000000828e+00 9.122189499999999285e+00 9.016235999999999251e+00 8.877152999999999849e+00 8.700170500000000473e+00 8.490990000000000038e+00 8.339375999999999678e+00 8.171286000000000271e+00 8.106372000000000355e+00 8.086252999999999247e+00 8.036856000000000222e+00 7.996523400000000059e+00 7.862364999999999604e+00 7.754999599999999660e+00 7.804966000000000292e+00 7.994357599999999842e+00 8.286201000000000150e+00 8.795635000000000758e+00 9.303767000000000564e+00 9.924872000000000583e+00 9.161614999999999398e+00 7.992352000000000345e+00 7.292017500000000041e+00 6.938708000000000098e+00 7.066173000000000037e+00 7.253739399999999726e+00 7.296552700000000335e+00 7.234604000000000035e+00 7.497081800000000129e+00 7.560857999999999635e+00
8.390803999999999263e+00 8.344644999999999868e+00 8.478362000000000620e+00 8.783995000000000886e+00 8.994585999999999970e+00 9.121195000000000164e+00 9.186030999999999835e+00 9.140682999999999225e+00 9.161320999999999160e+00 9.055220000000000269e+00 8.950010999999999939e+00 8.798992999999999398e+00 8.541066999999999965e+00 8.405419000000000196e+00 8.231681000000000026e+00 8.153715999999999298e+00 8.150804000000000826e+00 8.084713000000000704e+00 8.056148999999999560e+00 7.870604499999999781e+00 7.711509000000000391e+00 7.600301700000000160e+00 7.620568800000000032e+00 8.065638999999999115e+00 8.415955999999999548e+00 9.017633000000000010e+00 9.622663499999999814e+00 9.989606999999999459e+00 9.061068999999999818e+00 7.684491600000000311e+00 6.896685999999999872e+00 6.842940999999999718e+00 7.096462700000000012e+00 7.359314000000000355e+00 7.422359000000000151e+00 7.300640600000000369e+00 7.426351499999999994e+00
8.476725999999999317e+00 8.490795999999999566e+00 8.639948999999999657e+00 9.015757000000000687e+00 9.221287999999999485e+00 9.296761000000000053e+00 9.300625999999999394e+00 9.216392000000000806e+00 9.188435999999999382e+00 9.125515000000000043e+00 9.026524000000000214e+00 8.861520000000000508e+00 8.630535000000000068e+00 8.465597000000000705e+00 8.287041999999999575e+00 8.214819000000000315e+00 8.217781999999999698e+00 8.137349999999999639e+00 8.112783999999999551e+00 8.039949999999999264e+00 7.962231599999999965e+00 7.897319999999999673e+00 7.789162000000000141e+00 7.856626499999999957e+00 8.437675000000000480e+00 8.688169500000000767e+00 9.192498000000000502e+00 9.569390000000000285e+00 9.793029000000000650e+00 8.758338999999999430e+00 7.641827000000000147e+00 7.017863000000000184e+00 6.914905000000000079e+00 7.355908000000000335e+00 7.474456299999999942e+00 7.338517000000000401e+00 7.010886700000000360e+00
8.200564999999999216e+00 8.374105000000000132e+00 8.650570999999999344e+00 9.016149000000000413e+00 9.207993999999999346e+00 9.265772000000000119e+00 9.256738999999999606e+00 9.134258000000000877e+00 9.084647999999999612e+00 8.947459000000000273e+00 8.865016999999999925e+00 8.708258999999999972e+00 8.443550000000000111e+00 8.267744999999999678e+00 8.127511000000000152e+00 8.065345999999999904e+00 8.070731999999999573e+00 7.992892999999999581e+00 7.996895300000000262e+00 7.950737000000000165e+00 7.987107800000000424e+00 8.094716000000000022e+00 8.110661500000000856e+00 8.180666999999999689e+00 8.126227999999999341e+00 8.585808999999999358e+00 8.899380999999999986e+00 9.124411999999999523e+00 9.387482000000000326e+00 9.162385999999999697e+00 8.319427499999999753e+00 7.621566299999999572e+00 7.268239999999999590e+00 7.379029799999999639e+00 7.310908300000000359e+00 7.104686300000000010e+00 6.829288000000000025e+00
8.293646000000000740e+00 8.525043999999999400e+00 8.782419000000000864e+00 9.084792999999999452e+00 9.235796999999999812e+00 9.333430999999999145e+00 9.376856999999999331e+00 9.287436500000000095e+00 9.234365999999999630e+00 9.075808999999999571e+00 8.931907999999999959e+00 8.819304000000000698e+00 8.589626000000000872e+00 8.425477000000000771e+00 8.262007999999999797e+00 8.188472000000000861e+00 8.169864999999999711e+00 8.118558999999999415e+00 8.128308000000000533e+00 8.121017000000000152e+00 8.196694000000000813e+00 8.388882000000000616e+00 8.619631999999999294e+00 8.873105999999999938e+00 8.773796000000000816e+00 8.390439999999999898e+00 8.653890999999999778e+00 8.761070000000000135e+00 8.961624000000000478e+00 9.057232000000000838e+00 8.396039000000000030e+00 7.931139499999999565e+00 7.796270400000000045e+00 7.637124499999999649e+00 7.343577999999999939e+00 7.065049600000000041e+00 6.786432999999999716e+00
7.978893799999999814e+00 8.295889000000000735e+00 8.498348999999999265e+00 8.736496999999999957e+00 8.858850000000000335e+00 8.943665499999999824e+00 9.101038000000000849e+00 9.171326999999999785e+00 9.146732999999999336e+00 8.967171999999999699e+00 8.799395000000000522e+00 8.695866000000000540e+00 8.633592999999999407e+00 8.524072000000000315e+00 8.283424999999999372e+00 8.163066999999999851e+00 8.110934999999999562e+00 8.041280000000000427e+00 8.064074500000000256e+00 8.049706000000000472e+00 8.114005999999999830e+00 8.347481000000000151e+00 8.573413999999999646e+00 8.911545000000000272e+00 9.115099999999999980e+00 8.919425000000000381e+00 8.346818999999999988e+00 8.480795000000000528e+00 8.560814999999999841e+00 8.736366999999999550e+00 8.405006000000000199e+00 8.292471000000000814e+00 7.849505399999999966e+00 7.504381000000000412e+00 7.148699299999999646e+00 6.880856500000000153e+00 6.728448400000000440e+00
7.542864999999999931e+00 7.956476000000000326e+00 8.215412000000000603e+00 8.434549999999999770e+00 8.501172000000000395e+00 8.621660999999999575e+00 8.792500499999999164e+00 8.876431000000000182e+00 8.985628999999999422e+00 8.821839000000000652e+00 8.634740000000000748e+00 8.592658999999999381e+00 8.582720999999999378e+00 8.679106000000000876e+00 8.529685999999999879e+00 8.305322999999999567e+00 8.171070000000000277e+00 8.082319999999999283e+00 8.103498000000000090e+00 8.106799000000000532e+00 8.165964999999999918e+00 8.329195999999999600e+00 8.467594000000000065e+00 8.684504499999999183e+00 8.844544000000000850e+00 9.121940000000000381e+00 8.857886999999999844e+00 8.311826999999999188e+00 8.386881999999999948e+00 8.460475999999999885e+00 8.365534000000000248e+00 8.115619999999999834e+00 7.706440999999999875e+00 7.353184699999999907e+00 6.994192599999999871e+00 6.768732499999999597e+00 6.735161999999999871e+00
7.371651599999999860e+00 7.732858700000000418e+00 7.964075600000000144e+00 8.132592000000000709e+00 8.254960999999999771e+00 8.351976999999999762e+00 8.510023999999999589e+00 8.594645500000000382e+00 8.691862000000000421e+00 8.701383999999999119e+00 8.563459999999999184e+00 8.480382999999999782e+00 8.494021000000000043e+00 8.653651999999999234e+00 8.761501000000000872e+00 8.645226499999999703e+00 8.428003000000000355e+00 8.201501000000000374e+00 8.195280999999999594e+00 8.170197500000000446e+00 8.191055000000000419e+00 8.298878000000000199e+00 8.309606000000000492e+00 8.385158000000000555e+00 8.442939000000000860e+00 8.481769999999999143e+00 9.012969999999999260e+00 8.710937500000000000e+00 8.298515999999999337e+00 8.396366000000000440e+00 8.305122000000000781e+00 8.015482999999999691e+00 7.387875600000000098e+00 7.167256000000000071e+00 6.875516000000000183e+00 6.738785000000000025e+00 6.776660999999999824e+00
7.377734000000000236e+00 7.528353000000000073e+00 7.558650499999999717e+00 7.696714400000000289e+00 7.768028700000000342e+00 7.902755299999999927e+00 8.056374999999999176e+00 8.070543999999999940e+00 8.156088999999999700e+00 8.235825000000000173e+00 8.356649000000000882e+00 8.308571000000000595e+00 8.230392999999999404e+00 8.335440999999999434e+00 8.515655000000000641e+00 8.728675000000000850e+00 8.671666000000000096e+00 8.399198999999999415e+00 8.174015999999999948e+00 8.035109999999999530e+00 7.995471499999999843e+00 7.941545999999999772e+00 7.869701000000000057e+00 7.856079000000000256e+00 7.841760599999999748e+00 7.984015999999999558e+00 8.286489500000000064e+00 8.897558000000000078e+00 8.669667000000000456e+00 8.289346000000000103e+00 8.439102000000000103e+00 8.197691000000000727e+00 7.256428999999999796e+00 6.785129999999999661e+00 6.690813499999999969e+00 6.583072699999999777e+00 6.681507599999999769e+00
7.700713600000000270e+00 7.693322000000000216e+00 7.639394300000000193e+00 7.645275599999999727e+00 7.670711500000000349e+00 7.720792000000000321e+00 7.824086699999999617e+00 7.816057999999999950e+00 7.863588299999999975e+00 7.958806000000000047e+00 8.137012999999999607e+00 8.372066000000000230e+00 8.330192999999999515e+00 8.313487999999999545e+00 8.436536999999999509e+00 8.706184999999999619e+00 8.986109000000000790e+00 8.917904000000000053e+00 8.686799999999999855e+00 8.305655500000000302e+00 8.060952999999999591e+00 7.912946999999999953e+00 7.711895000000000167e+00 7.680303000000000324e+00 7.651989500000000000e+00 7.610219500000000359e+00 7.978655999999999970e+00 8.202916999999999348e+00 8.953801999999999595e+00 8.783462000000000103e+00 8.234016000000000446e+00 8.460635999999999157e+00 8.008050000000000779e+00 7.420484000000000080e+00 6.894906999999999897e+00 6.664518000000000164e+00 6.792472400000000299e+00
7.786586999999999925e+00 7.762883999999999673e+00 7.652634599999999843e+00 7.617335299999999698e+00 7.491242399999999968e+00 7.402693000000000190e+00 7.384969700000000081e+00 7.366546999999999734e+00 7.383518999999999721e+00 7.517395999999999745e+00 7.642837499999999729e+00 7.957710699999999804e+00 8.215166999999999220e+00 8.289244999999999308e+00 8.280124000000000706e+00 8.400793999999999428e+00 8.800489999999999924e+00 9.042412000000000560e+00 9.003962500000000091e+00 8.588010999999999839e+00 8.125159000000000020e+00 7.766282600000000258e+00 7.544698999999999600e+00 7.371513400000000438e+00 7.351787599999999756e+00 7.412493699999999741e+00 7.701068399999999592e+00 7.865625999999999785e+00 8.205476000000000880e+00 9.049258999999999276e+00 8.593965999999999994e+00 8.110917999999999850e+00 8.049720999999999904e+00 7.669407999999999781e+00 7.057084599999999597e+00 6.752614999999999590e+00 6.732488000000000028e+00
7.790678999999999910e+00 7.853771000000000058e+00 7.824435000000000251e+00 7.800599000000000061e+00 7.580315999999999832e+00 7.344484999999999708e+00 7.182976000000000028e+00 7.072750000000000092e+00 7.168885000000000396e+00 7.192059000000000424e+00 7.428013299999999930e+00 7.645607000000000042e+00 7.895603999999999623e+00 8.301460999999999757e+00 8.430858000000000629e+00 8.450456000000000856e+00 8.583842999999999890e+00 8.796091999999999800e+00 9.032505000000000450e+00 8.876882999999999413e+00 8.510697000000000401e+00 7.957493300000000325e+00 7.531364400000000181e+00 7.393284000000000411e+00 7.312421299999999569e+00 7.303124000000000393e+00 7.557258000000000031e+00 7.632099000000000188e+00 7.860837000000000074e+00 8.281810000000000116e+00 9.077182000000000528e+00 8.594509000000000398e+00 7.697027699999999584e+00 7.577861300000000355e+00 7.360809999999999853e+00 7.143311500000000258e+00 7.202279599999999782e+00
7.774405999999999928e+00 7.915741999999999834e+00 7.942006000000000121e+00 7.950419400000000358e+00 7.759333999999999953e+00 7.480374300000000254e+00 7.216891000000000389e+00 7.019484499999999905e+00 7.041640000000000121e+00 7.168962999999999752e+00 7.197300399999999598e+00 7.500219300000000366e+00 7.721286000000000094e+00 8.052006000000000441e+00 8.449947999999999126e+00 8.567607000000000639e+00 8.513873000000000246e+00 8.424049999999999372e+00 8.502276000000000167e+00 8.734830999999999790e+00 8.697559999999999292e+00 8.460711500000000385e+00 7.879318999999999740e+00 7.480638500000000413e+00 7.361215600000000414e+00 7.253422999999999732e+00 7.393468399999999718e+00 7.358225299999999969e+00 7.485542999999999836e+00 7.804741400000000162e+00 8.118565999999999505e+00 9.200231999999999744e+00 8.669112000000000151e+00 7.969394999999999563e+00 7.726631000000000249e+00 7.529812999999999867e+00 7.446900399999999642e+00
7.554243600000000392e+00 7.726626000000000438e+00 7.806115000000000137e+00 7.809118999999999922e+00 7.637503599999999615e+00 7.412212000000000245e+00 7.167903400000000147e+00 6.957662599999999919e+00 6.940150000000000041e+00 6.990506599999999793e+00 7.130523000000000167e+00 7.189783000000000257e+00 7.534457699999999925e+00 7.851505000000000400e+00 8.205728999999999829e+00 8.330289000000000499e+00 8.409045000000000769e+00 7.986093000000000330e+00 7.798017500000000268e+00 7.707675499999999680e+00 8.356351000000000084e+00 8.599515999999999494e+00 8.421421000000000490e+00 7.979408000000000278e+00 7.612162599999999557e+00 7.259414699999999776e+00 7.280170000000000030e+00 7.132239300000000171e+00 7.196190399999999876e+00 7.395490599999999581e+00 7.633466699999999605e+00 8.177072000000000784e+00 9.432703000000000060e+00 9.077128999999999337e+00 8.395797999999999206e+00 8.091867000000000587e+00 7.985650999999999833e+00
7.782512999999999792e+00 7.891484700000000352e+00 7.926777399999999751e+00 7.923403999999999670e+00 7.722958000000000212e+00 7.518412599999999557e+00 7.351321999999999690e+00 7.179820999999999565e+00 7.147613999999999912e+00 7.111033400000000171e+00 7.147211999999999676e+00 7.357213500000000295e+00 7.326991600000000382e+00 7.603718999999999895e+00 7.946868399999999610e+00 8.041885999999999868e+00 8.154334999999999667e+00 7.873033500000000018e+00 7.619067700000000443e+00 7.518758000000000052e+00 7.420671999999999713e+00 8.494177999999999784e+00 8.769956999999999780e+00 8.614243500000000608e+00 8.164286999999999850e+00 7.488526000000000238e+00 7.274291500000000354e+00 6.989040400000000375e+00 6.973683000000000298e+00 7.021939299999999662e+00 7.288142999999999816e+00 7.726604000000000028e+00 7.965171299999999732e+00 8.959635999999999711e+00 8.948733999999999966e+00 8.879224000000000672e+00 8.770991999999999678e+00
7.731923600000000008e+00 7.818377500000000424e+00 7.776672399999999818e+00 7.800355999999999845e+00 7.692895400000000272e+00 7.547389500000000417e+00 7.403782399999999875e+00 7.233086600000000033e+00 7.133944999999999759e+00 7.023335999999999579e+00 7.006386299999999956e+00 7.091893999999999920e+00 7.275767000000000095e+00 7.364137999999999629e+00 7.633237000000000272e+00 7.693006500000000081e+00 7.766160499999999800e+00 7.503882400000000175e+00 7.325999699999999670e+00 7.373835999999999835e+00 7.390466700000000166e+00 7.532539400000000107e+00 8.647987999999999786e+00 9.025852000000000430e+00 8.695280999999999594e+00 7.817942999999999643e+00 7.344022999999999968e+00 6.847526600000000130e+00 6.718262700000000365e+00 6.605814500000000145e+00 6.845651600000000059e+00 7.286711000000000382e+00 7.564456999999999987e+00 7.500384999999999636e+00 7.881212699999999849e+00 7.787935700000000239e+00 -9.999000000000000000e+03
