data/C3/twi.dat
ncols         160
nrows         233
xllcorner     383056
yllcorner     7542000
cellsize      16
NODATA_value  -9999
[rows 208 to 223 of 233, columns 37 to 73 of 160]
7.621491999999999933e+00 7.862201999999999913e+00 8.098717999999999861e+00 8.359899499999999151e+00 8.546336000000000155e+00 8.866255000000000663e+00 9.193440999999999974e+00 9.631038999999999461e+00 1.032131299999999996e+01 1.165372400000000042e+01 1.485596400000000017e+01 9.284117999999999427e+00 8.467195000000000249e+00 7.883797600000000294e+00 7.273818000000000339e+00 6.821888399999999741e+00 6.473465400000000258e+00 6.323807999999999652e+00 6.433004399999999734e+00 6.806442299999999612e+00 7.154368400000000072e+00 6.677653300000000236e+00 6.645847299999999791e+00 6.790925500000000170e+00 7.106763400000000175e+00 7.510760000000000325e+00 7.469153399999999721e+00 7.559331399999999590e+00 7.596493999999999858e+00 7.919892299999999885e+00 8.346353000000000577e+00 8.741915999999999798e+00 9.163368000000000180e+00 9.612548000000000314e+00 9.832409999999999428e+00 1.006222499999999975e+01 1.004363249999999930e+01
7.749180299999999910e+00 8.009432999999999581e+00 8.213454999999999728e+00 8.448852999999999724e+00 8.623874999999999957e+00 8.921284999999999243e+00 9.261036999999999964e+00 9.638681000000000054e+00 1.018784199999999984e+01 1.130955699999999986e+01 1.425504800000000039e+01 9.531219000000000108e+00 8.690984000000000265e+00 8.073271999999999338e+00 7.392544299999999957e+00 6.877082999999999835e+00 6.521449999999999747e+00 6.347645799999999561e+00 6.398043000000000369e+00 6.513986599999999960e+00 7.943760400000000388e+00 6.772170000000000023e+00 6.760781999999999847e+00 6.865179000000000364e+00 6.894192999999999572e+00 7.079221999999999682e+00 6.993028999999999940e+00 7.131320999999999799e+00 7.607511999999999830e+00 8.095392999999999617e+00 8.584898000000000806e+00 8.936142999999999503e+00 9.220086000000000226e+00 9.333607000000000653e+00 9.426551999999999154e+00 9.476539000000000712e+00 9.299822999999999951e+00
7.798095700000000186e+00 7.944465600000000016e+00 8.147126999999999342e+00 8.322691000000000727e+00 8.442838000000000065e+00 8.682161000000000683e+00 8.938038999999999845e+00 9.309212999999999738e+00 9.792336000000000595e+00 1.071670499999999926e+01 1.374239999999999995e+01 1.114741500000000052e+01 8.860746999999999929e+00 8.151281000000000887e+00 7.448305600000000304e+00 6.972543700000000122e+00 6.601337000000000010e+00 6.379524700000000159e+00 6.291133999999999560e+00 6.208742599999999889e+00 7.870248300000000086e+00 6.778072400000000108e+00 6.817401399999999612e+00 6.780558000000000085e+00 6.676720000000000432e+00 6.674801999999999680e+00 6.824817999999999607e+00 7.236769999999999925e+00 7.698862600000000000e+00 8.257260000000000488e+00 8.607597000000000165e+00 8.836911999999999878e+00 8.686085999999999530e+00 8.729715000000000558e+00 8.562739999999999796e+00 8.371714000000000766e+00 8.448124999999999218e+00
7.803137300000000387e+00 7.969191999999999609e+00 8.019185999999999481e+00 8.096081999999999113e+00 8.144788000000000139e+00 8.323689999999999145e+00 8.586586000000000496e+00 8.972559999999999647e+00 9.493968000000000629e+00 1.033344899999999988e+01 1.286919900000000005e+01 1.293771699999999925e+01 9.208614000000000743e+00 8.411334000000000088e+00 7.724973699999999610e+00 7.221587699999999721e+00 6.794955299999999809e+00 6.514345999999999748e+00 6.421315700000000071e+00 6.645034299999999838e+00 6.850401399999999974e+00 7.305498599999999954e+00 6.959256599999999793e+00 6.716019000000000183e+00 6.603476500000000193e+00 6.883828000000000280e+00 7.084047299999999936e+00 7.416522999999999755e+00 8.124765999999999266e+00 8.289515500000000259e+00 8.654617000000000004e+00 8.282935999999999410e+00 8.349750999999999479e+00 -9.999000000000000000e+03 -9.999000000000000000e+03 -9.999000000000000000e+03 -9.999000000000000000e+03
7.943229999999999791e+00 7.903986500000000248e+00 7.870804299999999643e+00 7.876554999999999751e+00 7.901142600000000016e+00 8.108000999999999792e+00 8.407788000000000039e+00 8.836672999999999334e+00 9.408585000000000420e+00 1.021236799999999967e+01 1.186592899999999950e+01 1.339661500000000061e+01 1.000769599999999926e+01 8.937747999999999138e+00 8.157002999999999560e+00 7.513950999999999603e+00 6.921134999999999593e+00 6.608865299999999721e+00 6.532043999999999961e+00 6.441849999999999632e+00 6.225704999999999600e+00 6.725732299999999775e+00 6.684391999999999889e+00 6.707112999999999658e+00 6.921984700000000323e+00 7.152934600000000032e+00 7.455394000000000077e+00 8.265390000000000015e+00 8.292460000000000164e+00 8.386326000000000391e+00 -9.999000000000000000e+03 -9.999000000000000000e+03 -9.999000000000000000e+03 -9.999000000000000000e+03 -9.999000000000000000e+03 -9.999000000000000000e+03 -9.999000000000000000e+03
7.798174999999999635e+00 7.621101999999999599e+00 7.502746600000000043e+00 7.481828700000000332e+00 7.573729000000000156e+00 7.837350400000000050e+00 8.161994999999999223e+00 8.625747000000000497e+00 9.235457999999999501e+00 9.796191000000000315e+00 1.160404400000000003e+01 1.322708599999999990e+01 1.117745900000000070e+01 9.708066000000000528e+00 8.739079000000000264e+00 7.952954000000000079e+00 7.300156999999999563e+00 6.920913699999999835e+00 6.672517299999999985e+00 6.349357999999999613e+00 6.412065499999999751e+00 6.559441600000000427e+00 6.419669999999999987e+00 7.010468999999999618e+00 7.258006599999999864e+00 7.603398300000000276e+00 8.228075999999999723e+00 -9.999000000000000000e+03 -9.999000000000000000e+03 -9.999000000000000000e+03 -9.999000000000000000e+03 -9.999000000000000000e+03 -9.999000000000000000e+03 -9.999000000000000000e+03 -9.999000000000000000e+03 -9.999000000000000000e+03 -9.999000000000000000e+03
7.859163800000000144e+00 7.640659999999999563e+00 7.522974500000000120e+00 7.581685499999999855e+00 7.711750999999999578e+00 8.010709999999999553e+00 8.362577999999999179e+00 8.799784000000000717e+00 9.364520000000000621e+00 1.009368199999999938e+01 1.134752499999999920e+01 1.234293699999999916e+01 1.221187800000000045e+01 9.831355000000000288e+00 8.861625999999999337e+00 8.086928000000000338e+00 7.440721500000000432e+00 7.029664999999999608e+00 6.757257499999999695e+00 6.610121300000000311e+00 6.512496500000000133e+00 6.486538999999999611e+00 6.737307500000000005e+00 6.882022400000000317e+00 8.052540000000000475e+00 -9.999000000000000000e+03 -9.999000000000000000e+03 -9.999000000000000000e+03 -9.999000000000000000e+03 -9.999000000000000000e+03 -9.999000000000000000e+03 -9.999000000000000000e+03 -9.999000000000000000e+03 -9.999000000000000000e+03 -9.999000000000000000e+03 -9.999000000000000000e+03 -9.999000000000000000e+03
7.867071000000000147e+00 7.654474699999999743e+00 7.567209000000000074e+00 7.633447999999999567e+00 7.843337499999999629e+00 8.194931999999999661e+00 8.538031999999999400e+00 8.885923000000000016e+00 9.324984999999999857e+00 9.968213000000000434e+00 1.076738199999999956e+01 1.136281900000000000e+01 1.192047299999999943e+01 1.031784099999999960e+01 8.853061000000000291e+00 8.289008000000000820e+00 7.709287599999999685e+00 7.321670000000000122e+00 7.068398499999999807e+00 6.713003999999999749e+00 6.664703000000000266e+00 6.773259000000000363e+00 6.933512699999999640e+00 8.297855999999999455e+00 -9.999000000000000000e+03 -9.999000000000000000e+03 -9.999000000000000000e+03 -9.999000000000000000e+03 -9.999000000000000000e+03 -9.999000000000000000e+03 -9.999000000000000000e+03 -9.999000000000000000e+03 -9.999000000000000000e+03 -9.999000000000000000e+03 -9.999000000000000000e+03 -9.999000000000000000e+03 -9.999000000000000000e+03
7.980458999999999747e+00 7.906517499999999643e+00 7.854175999999999824e+00 8.022287999999999641e+00 8.205799999999999983e+00 8.497738000000000014e+00 8.731472999999999374e+00 8.952999000000000152e+00 9.274570000000000647e+00 9.732442999999999955e+00 1.025232300000000052e+01 1.064115299999999920e+01 1.137139299999999942e+01 1.090204300000000082e+01 8.740697000000000827e+00 8.310684000000000182e+00 7.944778000000000340e+00 7.600567299999999804e+00 7.159708000000000183e+00 6.935582000000000136e+00 7.016829999999999679e+00 7.116675400000000096e+00 8.355942999999999898e+00 -9.999000000000000000e+03 -9.999000000000000000e+03 -9.999000000000000000e+03 -9.999000000000000000e+03 -9.999000000000000000e+03 -9.999000000000000000e+03 -9.999000000000000000e+03 -9.999000000000000000e+03 -9.999000000000000000e+03 -9.999000000000000000e+03 -9.999000000000000000e+03 -9.999000000000000000e+03 -9.999000000000000000e+03 -9.999000000000000000e+03
8.062770999999999688e+00 8.164968999999999255e+00 8.316952999999999818e+00 8.499114999999999753e+00 8.613910999999999873e+00 8.793369000000000213e+00 8.865531999999999968e+00 9.011708000000000496e+00 9.170367999999999853e+00 9.408585000000000420e+00 9.679109000000000407e+00 1.000420949999999998e+01 1.033027650000000008e+01 1.135226300000000066e+01 9.389753999999999934e+00 8.568274499999999350e+00 8.016852000000000089e+00 7.480713399999999957e+00 7.456945400000000390e+00 7.391835999999999629e+00 8.828134000000000370e+00 8.962108999999999881e+00 -9.999000000000000000e+03 -9.999000000000000000e+03 -9.999000000000000000e+03 -9.999000000000000000e+03 -9.999000000000000000e+03 -9.999000000000000000e+03 -9.999000000000000000e+03 -9.999000000000000000e+03 -9.999000000000000000e+03 -9.999000000000000000e+03 -9.999000000000000000e+03 -9.999000000000000000e+03 -9.999000000000000000e+03 -9.999000000000000000e+03 -9.999000000000000000e+03
7.984900500000000179e+00 8.143262999999999252e+00 8.363920000000000243e+00 8.555369999999999919e+00 8.616953999999999780e+00 8.681077999999999406e+00 8.732977999999999241e+00 8.777309000000000694e+00 8.804035999999999973e+00 8.948676999999999992e+00 9.401635000000000630e+00 9.501165000000000305e+00 9.801453999999999667e+00 1.030326499999999967e+01 1.143115300000000012e+01 9.241153999999999868e+00 8.523177999999999699e+00 7.967475000000000307e+00 7.933973299999999895e+00 9.342411999999999495e+00 -9.999000000000000000e+03 -9.999000000000000000e+03 -9.999000000000000000e+03 -9.999000000000000000e+03 -9.999000000000000000e+03 -9.999000000000000000e+03 -9.999000000000000000e+03 -9.999000000000000000e+03 -9.999000000000000000e+03 -9.999000000000000000e+03 -9.999000000000000000e+03 -9.999000000000000000e+03 -9.999000000000000000e+03 -9.999000000000000000e+03 -9.999000000000000000e+03 -9.999000000000000000e+03 -9.999000000000000000e+03
8.148952500000000043e+00 8.303948000000000107e+00 8.454499000000000208e+00 8.632453999999999184e+00 8.679570999999999259e+00 8.792552000000000589e+00 8.765060000000000073e+00 8.729198000000000235e+00 8.757395999999999958e+00 8.912127500000000424e+00 9.076817000000000135e+00 9.017331000000000429e+00 9.415756999999999266e+00 9.697504999999999598e+00 1.041509800000000041e+01 1.203973399999999927e+01 8.579629000000000616e+00 8.396959999999999980e+00 1.010348399999999991e+01 -9.999000000000000000e+03 -9.999000000000000000e+03 -9.999000000000000000e+03 -9.999000000000000000e+03 -9.999000000000000000e+03 -9.999000000000000000e+03 -9.999000000000000000e+03 -9.999000000000000000e+03 -9.999000000000000000e+03 -9.999000000000000000e+03 -9.999000000000000000e+03 -9.999000000000000000e+03 -9.999000000000000000e+03 -9.999000000000000000e+03 -9.999000000000000000e+03 -9.999000000000000000e+03 -9.999000000000000000e+03 -9.999000000000000000e+03
8.150223999999999691e+00 8.236416999999999433e+00 8.310216000000000491e+00 8.423628000000000782e+00 8.521762999999999977e+00 8.566805999999999699e+00 8.497308000000000305e+00 8.488490999999999786e+00 8.566026000000000806e+00 8.685603999999999658e+00 8.602928999999999604e+00 8.692873999999999768e+00 8.999791999999999348e+00 9.154700000000000060e+00 9.617665999999999826e+00 9.637147999999999826e+00 1.397952100000000009e+01 1.126551599999999986e+01 -9.999000000000000000e+03 -9.999000000000000000e+03 -9.999000000000000000e+03 -9.999000000000000000e+03 -9.999000000000000000e+03 -9.999000000000000000e+03 -9.999000000000000000e+03 -9.999000000000000000e+03 -9.999000000000000000e+03 -9.999000000000000000e+03 -9.999000000000000000e+03 -9.999000000000000000e+03 -9.999000000000000000e+03 -9.999000000000000000e+03 -9.999000000000000000e+03 -9.999000000000000000e+03 -9.999000000000000000e+03 -9.999000000000000000e+03 -9.999000000000000000e+03
8.178250000000000242e+00 8.156288999999999234e+00 8.212790999999999286e+00 8.348641999999999896e+00 8.345649999999999125e+00 8.330543000000000475e+00 8.307831000000000188e+00 8.414106000000000307e+00 8.523502999999999830e+00 8.270433000000000590e+00 8.387029000000000067e+00 8.493038000000000309e+00 8.505594999999999573e+00 8.900268000000000512e+00 9.053138999999999825e+00 9.860552999999999457e+00 1.149409400000000048e+01 -9.999000000000000000e+03 -9.999000000000000000e+03 -9.999000000000000000e+03 -9.999000000000000000e+03 -9.999000000000000000e+03 -9.999000000000000000e+03 -9.999000000000000000e+03 -9.999000000000000000e+03 -9.999000000000000000e+03 -9.999000000000000000e+03 -9.999000000000000000e+03 -9.999000000000000000e+03 -9.999000000000000000e+03 -9.999000000000000000e+03 -9.999000000000000000e+03 -9.999000000000000000e+03 -9.999000000000000000e+03 -9.999000000000000000e+03 -9.999000000000000000e+03 -9.999000000000000000e+03
8.181499499999999259e+00 8.166128999999999749e+00 8.230385000000000062e+00 8.212460500000000607e+00 8.098062000000000538e+00 8.162611999999999313e+00 8.285581999999999780e+00 8.393805999999999656e+00 8.138783999999999352e+00 8.198810999999999183e+00 8.248919000000000779e+00 8.051045999999999481e+00 8.548410000000000508e+00 8.640491499999999547e+00 9.298700000000000188e+00 -9.999000000000000000e+03 -9.999000000000000000e+03 -9.999000000000000000e+03 -9.999000000000000000e+03 -9.999000000000000000e+03 -9.999000000000000000e+03 -9.999000000000000000e+03 -9.999000000000000000e+03 -9.999000000000000000e+03 -9.999000000000000000e+03 -9.999000000000000000e+03 -9.999000000000000000e+03 -9.999000000000000000e+03 -9.999000000000000000e+03 -9.999000000000000000e+03 -9.999000000000000000e+03 -9.999000000000000000e+03 -9.999000000000000000e+03 -9.999000000000000000e+03 -9.999000000000000000e+03 -9.999000000000000000e+03 -9.999000000000000000e+03
8.049588999999999217e+00 8.072221000000000757e+00 7.980548399999999987e+00 7.799622000000000277e+00 7.823353000000000002e+00 7.975918300000000016e+00 8.022149000000000640e+00 7.868472599999999595e+00 7.880917000000000172e+00 7.833306300000000277e+00 7.860096500000000042e+00 8.090111999999999526e+00 8.305417999999999523e+00 8.559179000000000315e+00 -9.999000000000000000e+03 -9.999000000000000000e+03 -9.999000000000000000e+03 -9.999000000000000000e+03 -9.999000000000000000e+03 -9.999000000000000000e+03 -9.999000000000000000e+03 -9.999000000000000000e+03 -9.999000000000000000e+03 -9.999000000000000000e+03 -9.999000000000000000e+03 -9.999000000000000000e+03 -9.999000000000000000e+03 -9.999000000000000000e+03 -9.999000000000000000e+03 -9.999000000000000000e+03 -9.999000000000000000e+03 -9.999000000000000000e+03 -9.999000000000000000e+03 -9.999000000000000000e+03 -9.999000000000000000e+03 -9.999000000000000000e+03 -9.999000000000000000e+03
