data/C3/twi.dat
ncols         160
nrows         233
xllcorner     383056
yllcorner     7542000
cellsize      16
NODATA_value  -9999
[rows 64 to 79 of 233, columns 74 to 110 of 160]
1.175953499999999963e+01 8.683177000000000589e+00 9.332349999999999923e+00 9.179446000000000438e+00 9.061014999999999375e+00 8.812540000000000262e+00 8.040891999999999484e+00 8.033960000000000434e+00 8.406971000000000416e+00 9.090140999999999138e+00 9.586558999999999386e+00 9.801396999999999693e+00 9.691805999999999699e+00 9.610972999999999544e+00 9.543945000000000789e+00 9.577992999999999313e+00 9.686355000000000715e+00 9.713221000000000771e+00 9.830759000000000469e+00 9.983219000000000065e+00 1.032057499999999983e+01 1.088309399999999982e+01 1.110158999999999985e+01 1.046775799999999990e+01 9.118506999999999252e+00 8.701907000000000281e+00 8.201648999999999745e+00 7.754397400000000218e+00 7.516725499999999727e+00 7.519745000000000346e+00 7.548094299999999812e+00 7.629743000000000386e+00 7.447502599999999973e+00 7.448940300000000292e+00 7.383047999999999611e+00 7.401180300000000045e+00 7.498701600000000411e+00
9.705123999999999640e+00 9.967026000000000607e+00 9.164000500000000216e+00 8.814125000000000654e+00 8.573461999999999250e+00 8.270258999999999361e+00 7.977754599999999918e+00 7.681068400000000018e+00 7.687595400000000190e+00 8.219442000000000803e+00 8.741089000000000553e+00 8.836954000000000420e+00 8.677730000000000388e+00 8.618484000000000478e+00 8.555519999999999570e+00 8.579439999999999955e+00 8.630791000000000324e+00 8.580799999999999983e+00 8.650816000000000727e+00 8.810916999999999888e+00 9.167552000000000589e+00 9.985768000000000200e+00 1.078972699999999918e+01 1.147628500000000074e+01 1.119809300000000007e+01 9.874767000000000294e+00 8.767817000000000860e+00 8.174937999999999150e+00 7.904388400000000203e+00 7.844586399999999848e+00 7.575673000000000101e+00 8.026937999999999462e+00 7.742441999999999602e+00 7.650852000000000430e+00 7.637439999999999785e+00 7.665271999999999863e+00 7.727693000000000367e+00
1.056587799999999966e+01 1.023932399999999987e+01 9.819831000000000643e+00 9.027737999999999374e+00 8.241113000000000355e+00 8.331127000000000393e+00 8.064971999999999142e+00 8.099211000000000382e+00 8.195161000000000584e+00 8.330852999999999398e+00 8.443979000000000568e+00 8.443275999999999115e+00 8.289844000000000435e+00 8.263142000000000209e+00 8.183534999999999116e+00 8.115574000000000510e+00 8.077643000000000129e+00 7.967791000000000068e+00 8.011046999999999585e+00 8.113263999999999143e+00 8.381273000000000195e+00 8.841618999999999673e+00 9.381771000000000527e+00 1.028339099999999995e+01 1.124172699999999914e+01 1.150998899999999914e+01 1.061099600000000009e+01 9.289906500000000733e+00 8.814470000000000027e+00 8.678591000000000832e+00 8.897090999999999639e+00 9.001770999999999745e+00 8.338241999999999265e+00 8.070577999999999363e+00 7.926088000000000022e+00 7.827363000000000071e+00 7.732626400000000011e+00
1.015353299999999948e+01 1.057392899999999969e+01 9.791382999999999726e+00 9.606742999999999810e+00 8.435097000000000733e+00 7.700579600000000191e+00 7.864019400000000104e+00 8.173664000000000485e+00 8.606757999999999242e+00 8.685121000000000535e+00 8.643219000000000207e+00 8.557164999999999466e+00 8.389998000000000289e+00 8.305061999999999500e+00 8.177906000000000120e+00 8.091025999999999385e+00 8.010028000000000148e+00 7.896640299999999613e+00 7.881834500000000077e+00 7.917926300000000417e+00 8.081777000000000655e+00 8.317600000000000549e+00 8.417116999999999294e+00 8.678299000000000873e+00 9.461750000000000327e+00 1.047417800000000021e+01 1.119232000000000049e+01 1.090051099999999984e+01 1.026498899999999992e+01 9.670061999999999713e+00 9.700006500000000642e+00 9.799438000000000315e+00 9.161583000000000254e+00 8.486406000000000560e+00 7.943884399999999957e+00 7.624163000000000245e+00 7.450529999999999653e+00
9.305796000000000845e+00 9.856996999999999787e+00 1.008492400000000089e+01 8.311896000000000839e+00 8.771261000000000863e+00 8.083716000000000790e+00 7.708370699999999687e+00 7.764702999999999911e+00 8.355427999999999855e+00 8.757597999999999772e+00 8.743107000000000184e+00 8.658858000000000388e+00 8.408286000000000371e+00 8.254049999999999443e+00 8.054938999999999183e+00 7.955587999999999660e+00 7.915283699999999811e+00 7.816032400000000102e+00 7.853073000000000192e+00 7.834608000000000239e+00 7.886451000000000100e+00 7.973431999999999853e+00 8.034126999999999796e+00 8.094001000000000445e+00 8.402267999999999404e+00 8.889697999999999212e+00 9.765909000000000617e+00 1.040660199999999946e+01 1.068872799999999934e+01 1.062418000000000085e+01 1.051195049999999931e+01 1.039569999999999972e+01 9.781294000000000821e+00 8.820911999999999864e+00 8.060988000000000042e+00 7.676066399999999845e+00 7.547469999999999679e+00
8.626224000000000558e+00 9.003394999999999371e+00 9.288092999999999932e+00 9.462265999999999622e+00 8.346951000000000676e+00 8.394845999999999364e+00 8.346605999999999526e+00 8.315020000000000522e+00 8.641792999999999836e+00 8.956061999999999301e+00 8.995227999999999113e+00 8.848330999999999946e+00 8.616351999999999123e+00 8.422034000000000020e+00 8.211562000000000694e+00 8.095917999999999282e+00 8.089370999999999867e+00 8.023160000000000736e+00 8.030761999999999290e+00 7.985956700000000019e+00 7.914819200000000166e+00 7.919872999999999941e+00 7.905161399999999894e+00 8.108608999999999511e+00 8.185591999999999757e+00 8.459213999999999345e+00 8.986145000000000493e+00 9.487182999999999922e+00 9.912506999999999735e+00 1.008285899999999913e+01 1.007892900000000047e+01 9.953253000000000128e+00 9.734144999999999825e+00 9.211683999999999983e+00 8.053278000000000603e+00 7.547636500000000304e+00 7.523469399999999752e+00
1.037500000000000000e+01 8.718882000000000687e+00 7.366240499999999969e+00 9.116208000000000311e+00 8.557881999999999323e+00 8.437036000000000868e+00 8.669427999999999912e+00 8.867162000000000432e+00 9.046996999999999289e+00 9.070411999999999253e+00 8.997958000000000567e+00 8.813193999999999306e+00 8.559649999999999537e+00 8.429740999999999929e+00 8.239663999999999433e+00 8.128434999999999633e+00 8.083778999999999826e+00 8.010948000000000846e+00 7.998205699999999752e+00 7.924508999999999581e+00 7.876138000000000083e+00 7.858711999999999698e+00 7.844990000000000130e+00 7.973698599999999637e+00 8.295985999999999194e+00 8.348826999999999998e+00 8.560511999999999233e+00 8.736902000000000612e+00 9.086202000000000112e+00 9.301353000000000648e+00 9.252314000000000149e+00 9.212619999999999365e+00 9.216219999999999857e+00 9.569893999999999679e+00 9.252427000000000845e+00 8.359505000000000408e+00 7.798498000000000374e+00
7.245135999999999576e+00 9.796680999999999528e+00 9.232411000000000811e+00 8.403256000000000725e+00 8.710326999999999487e+00 8.749456000000000344e+00 8.940186000000000632e+00 9.199602000000000501e+00 9.465460000000000207e+00 9.383456000000000685e+00 9.163548000000000471e+00 8.909480000000000288e+00 8.636704999999999188e+00 8.481344999999999246e+00 8.322174999999999656e+00 8.252010999999999541e+00 8.214225000000000776e+00 8.089608999999999384e+00 8.073676999999999992e+00 7.966729599999999856e+00 7.918420300000000189e+00 7.933918499999999874e+00 7.993063000000000251e+00 8.235535999999999746e+00 8.330422000000000438e+00 8.478823999999999472e+00 8.455887999999999849e+00 8.255454000000000292e+00 8.467311999999999728e+00 8.694818500000000228e+00 8.943818000000000268e+00 8.978600000000000136e+00 9.158027000000000584e+00 9.567978999999999346e+00 9.906235000000000568e+00 1.017087650000000032e+01 1.039915300000000009e+01
8.302307000000000770e+00 8.590813000000000699e+00 8.248685000000000045e+00 8.433286999999999978e+00 8.587255000000000749e+00 8.916192000000000561e+00 9.246216000000000435e+00 9.502712000000000714e+00 9.727892999999999901e+00 9.647550999999999988e+00 9.472633999999999332e+00 9.223261000000000820e+00 8.934490000000000265e+00 8.797178000000000608e+00 8.605897999999999826e+00 8.479198000000000235e+00 8.382948999999999984e+00 8.265103999999999118e+00 8.229497000000000284e+00 8.113345999999999947e+00 8.071331000000000699e+00 8.122564000000000561e+00 8.207309999999999661e+00 8.546398999999999191e+00 8.792490000000000805e+00 8.619811999999999585e+00 8.425549500000000691e+00 8.087958999999999676e+00 7.956498999999999988e+00 8.304710000000000036e+00 8.558998000000000772e+00 9.015380999999999645e+00 8.996793000000000262e+00 8.825163999999999120e+00 8.754250000000000753e+00 8.801498999999999739e+00 8.970081999999999667e+00
8.391669999999999519e+00 8.369234999999999758e+00 8.187521000000000271e+00 8.078136000000000649e+00 8.109467999999999677e+00 8.450148000000000437e+00 8.979357000000000255e+00 9.288669999999999760e+00 9.493788999999999589e+00 9.453227000000000046e+00 9.314733500000000888e+00 9.182902000000000342e+00 8.966158000000000072e+00 8.842753000000000085e+00 8.711629000000000289e+00 8.594371000000000649e+00 8.501784000000000674e+00 8.324759000000000242e+00 8.238201999999999359e+00 8.137515000000000498e+00 8.073043000000000191e+00 8.127617000000000758e+00 8.207931999999999562e+00 8.419548999999999950e+00 8.605480999999999270e+00 8.831604000000000454e+00 8.589947999999999695e+00 8.062039000000000399e+00 7.821315000000000239e+00 7.826739299999999844e+00 8.204458000000000695e+00 8.678969000000000378e+00 8.743109999999999715e+00 8.557869999999999422e+00 8.253420999999999452e+00 8.000626999999999711e+00 7.793251999999999846e+00
8.468519000000000574e+00 8.508618000000000237e+00 8.438926000000000371e+00 8.332781999999999911e+00 8.172387000000000512e+00 8.257887999999999451e+00 8.767243999999999815e+00 9.093177000000000731e+00 9.325373000000000800e+00 9.320828000000000557e+00 9.286664000000000030e+00 9.229084000000000287e+00 9.135795999999999140e+00 9.081032000000000437e+00 8.922579999999999956e+00 8.855244000000000781e+00 8.776308999999999472e+00 8.643805999999999656e+00 8.567106000000000776e+00 8.408034000000000674e+00 8.336771999999999849e+00 8.274630999999999403e+00 8.163814999999999600e+00 8.145777999999999963e+00 8.133535999999999433e+00 8.266953000000000884e+00 8.878316999999999126e+00 8.582966000000000761e+00 8.092363000000000639e+00 7.908457300000000245e+00 7.928828700000000396e+00 8.223862999999999701e+00 8.358223999999999876e+00 8.435617000000000587e+00 8.346712999999999383e+00 8.248877999999999489e+00 8.105382000000000531e+00
8.510923000000000016e+00 8.579311000000000575e+00 8.483826000000000533e+00 8.491047999999999263e+00 8.391747000000000511e+00 8.388481999999999772e+00 8.586017000000000010e+00 8.746791999999999234e+00 8.926971999999999241e+00 9.009391000000000815e+00 9.013970000000000482e+00 9.053308499999999981e+00 8.997970000000000468e+00 8.995160999999999518e+00 8.850244000000000000e+00 8.738517999999999120e+00 8.733427999999999969e+00 8.644916000000000267e+00 8.673387999999999209e+00 8.604805999999999955e+00 8.531544000000000239e+00 8.407505000000000450e+00 8.073429000000000855e+00 7.759276999999999980e+00 7.595283000000000229e+00 7.611073499999999825e+00 7.928089599999999848e+00 8.850058999999999898e+00 8.791762000000000299e+00 8.276146000000000669e+00 7.979053000000000395e+00 7.859966000000000008e+00 7.876692300000000202e+00 7.920575000000000365e+00 7.964056000000000246e+00 7.985702999999999996e+00 8.070002000000000564e+00
8.604608999999999952e+00 8.648365000000000080e+00 8.570781000000000205e+00 8.627159999999999940e+00 8.710172000000000025e+00 8.750236499999999751e+00 8.775449999999999307e+00 8.736983000000000388e+00 8.757433999999999941e+00 8.746434000000000708e+00 8.829938000000000287e+00 8.919648000000000465e+00 8.889478999999999687e+00 8.855795000000000528e+00 8.730624000000000606e+00 8.643551999999999680e+00 8.606559000000000736e+00 8.587858999999999909e+00 8.669019999999999726e+00 8.700091999999999715e+00 8.700813999999999382e+00 8.668369999999999465e+00 8.420522999999999314e+00 8.027312000000000225e+00 7.463213999999999793e+00 7.343816999999999595e+00 7.569904300000000141e+00 8.104008000000000322e+00 9.255587999999999482e+00 9.100272999999999612e+00 8.457430999999999699e+00 8.071020000000000749e+00 7.850629999999999775e+00 7.753224999999999589e+00 7.583594999999999864e+00 7.621676400000000129e+00 7.712849000000000288e+00
8.620264000000000593e+00 8.597519999999999385e+00 8.504046999999999912e+00 8.555422000000000082e+00 8.801484999999999559e+00 9.019833999999999463e+00 9.076537999999999329e+00 8.925712000000000756e+00 8.851010999999999740e+00 8.757307000000000841e+00 8.723826999999999998e+00 8.778045000000000542e+00 8.759536000000000655e+00 8.754085999999999146e+00 8.596536999999999651e+00 8.507250000000000867e+00 8.542109500000000466e+00 8.573392000000000124e+00 8.717454999999999288e+00 8.739404999999999646e+00 8.782025000000000858e+00 8.807721000000000799e+00 8.727192999999999756e+00 8.623478999999999672e+00 8.158932000000000073e+00 7.543981600000000398e+00 7.501950299999999849e+00 7.778641000000000361e+00 8.385979999999999990e+00 9.366329999999999600e+00 8.924035999999999191e+00 8.263139000000000678e+00 7.821982000000000212e+00 7.635749299999999629e+00 7.577825500000000325e+00 7.396384000000000292e+00 7.580136000000000429e+00
8.380471000000000004e+00 8.311818999999999846e+00 8.281307999999999225e+00 8.428995999999999711e+00 8.633862999999999843e+00 8.918335000000000790e+00 9.089088999999999530e+00 9.033094999999999430e+00 8.917603500000000238e+00 8.726188000000000500e+00 8.569024999999999892e+00 8.511761999999999162e+00 8.393428000000000111e+00 8.375365000000000393e+00 8.230492999999999171e+00 8.155896000000000257e+00 8.182717999999999492e+00 8.223318000000000794e+00 8.337759999999999394e+00 8.420363000000000042e+00 8.460181999999999647e+00 8.551287999999999556e+00 8.610670999999999964e+00 8.703395000000000437e+00 8.767053000000000651e+00 8.458443000000000822e+00 7.913908499999999790e+00 7.795907999999999838e+00 8.053793000000000646e+00 8.293782999999999461e+00 8.485079999999999956e+00 7.898333000000000048e+00 7.432410700000000148e+00 7.332508999999999943e+00 7.327788400000000202e+00 7.457850999999999786e+00 7.553586000000000134e+00
8.520939000000000263e+00 8.438376999999999128e+00 8.430613499999999760e+00 8.649034500000000847e+00 8.876561000000000590e+00 9.089584999999999582e+00 9.230076000000000391e+00 9.196647000000000460e+00 9.156188000000000216e+00 8.972122999999999848e+00 8.814624999999999488e+00 8.658053999999999917e+00 8.468327499999999119e+00 8.356002000000000152e+00 8.241009999999999280e+00 8.165703999999999851e+00 8.188122999999999152e+00 8.146440500000000640e+00 8.198748000000000147e+00 8.196749000000000507e+00 8.237012000000000000e+00 8.351734000000000435e+00 8.435231999999999175e+00 8.738842999999999250e+00 9.021679999999999922e+00 9.416534999999999656e+00 9.059533000000000058e+00 8.123267000000000237e+00 7.965090299999999957e+00 7.623858000000000246e+00 7.594065699999999808e+00 7.604028999999999705e+00 7.387385400000000324e+00 7.240084600000000314e+00 7.392017000000000060e+00 7.474796300000000393e+00 7.626830599999999905e+00
