data/C3/twi.dat
ncols         160
nrows         233
xllcorner     383056
yllcorner     7542000
cellsize      16
NODATA_value  -9999
[rows 80 to 95 of 233, columns 37 to 73 of 160]
6.500642299999999985e+00 6.456146000000000384e+00 6.777323700000000173e+00 6.707461000000000340e+00 5.594280000000000364e+00 5.427060599999999901e+00 5.644280400000000419e+00 6.374721000000000082e+00 1.538770799999999994e+01 7.952890000000000015e+00 7.952122700000000322e+00 7.213696500000000178e+00 6.184231800000000057e+00 5.661163300000000120e+00 5.633773299999999651e+00 5.806817999999999813e+00 5.904005500000000239e+00 6.843445299999999953e+00 6.352033999999999736e+00 7.988757999999999804e+00 7.061079999999999579e+00 6.715584800000000243e+00 9.118864000000000303e+00 7.201821999999999946e+00 7.726927800000000346e+00 8.545287000000000077e+00 9.104454000000000491e+00 1.210066699999999962e+01 9.866305999999999798e+00 9.315381000000000355e+00 9.217936500000000422e+00 9.171518000000000725e+00 9.175948999999999245e+00 9.159497999999999251e+00 8.997018999999999878e+00 8.852750999999999593e+00 8.587884000000000739e+00
6.702377000000000251e+00 6.634628000000000192e+00 6.478498000000000090e+00 7.720671000000000284e+00 6.189828999999999581e+00 5.688956300000000077e+00 5.589071299999999631e+00 6.449601699999999660e+00 1.700058399999999992e+01 8.861954000000000775e+00 8.150825499999999835e+00 6.885854199999999814e+00 5.941779999999999617e+00 5.441339000000000148e+00 5.461567399999999850e+00 5.878121000000000151e+00 6.198814399999999836e+00 7.632120600000000366e+00 7.220448000000000199e+00 7.279016999999999626e+00 6.642196700000000398e+00 7.710972299999999890e+00 7.444417999999999758e+00 7.780058399999999708e+00 8.277369000000000199e+00 8.093455000000000510e+00 1.435592650000000070e+01 9.684155000000000513e+00 9.621543000000000845e+00 9.151585999999999999e+00 8.983055999999999486e+00 8.947345000000000326e+00 9.005280000000000840e+00 9.106719000000000008e+00 9.006382000000000332e+00 8.891201000000000576e+00 8.603709999999999525e+00
6.807608000000000104e+00 6.642907000000000117e+00 6.438026400000000038e+00 7.857043299999999952e+00 5.832339000000000162e+00 5.217204999999999870e+00 5.195374499999999784e+00 1.429333500000000079e+01 7.979171000000000014e+00 7.514370999999999690e+00 7.620343000000000089e+00 6.862529000000000323e+00 6.071318999999999910e+00 5.684686000000000128e+00 5.601064000000000043e+00 5.665911999999999615e+00 6.616503999999999941e+00 6.466543699999999895e+00 6.410411400000000093e+00 6.667606400000000377e+00 6.687337000000000309e+00 7.133207999999999771e+00 7.016489499999999602e+00 7.521969300000000302e+00 8.705932999999999922e+00 1.379924699999999937e+01 9.622906000000000404e+00 9.607751000000000374e+00 9.075183000000000888e+00 8.862296000000000618e+00 8.809131000000000711e+00 8.796934999999999505e+00 8.882801000000000613e+00 8.945182000000000855e+00 8.847485000000000710e+00 8.773853000000000790e+00 8.611442000000000263e+00
6.861339599999999983e+00 6.653591999999999729e+00 6.484098000000000361e+00 8.447651999999999717e+00 5.436289000000000371e+00 5.162867999999999569e+00 5.813115599999999716e+00 1.496345200000000020e+01 6.230775399999999742e+00 6.460763499999999659e+00 7.032934000000000019e+00 6.707294499999999715e+00 6.145642800000000072e+00 6.047753300000000110e+00 6.180534399999999984e+00 6.562668300000000343e+00 6.523317999999999728e+00 6.665390999999999622e+00 6.770079599999999864e+00 6.741755500000000012e+00 6.547775999999999819e+00 6.875671399999999878e+00 7.160296999999999912e+00 7.954169300000000220e+00 8.579017999999999589e+00 1.407205000000000084e+01 1.016076400000000035e+01 9.064420999999999395e+00 8.542329000000000505e+00 8.265081999999999596e+00 8.332409000000000177e+00 8.417206999999999439e+00 8.487322999999999951e+00 8.569210999999999245e+00 8.475761999999999574e+00 8.396034999999999471e+00 8.237040999999999613e+00
7.043287000000000297e+00 6.975253999999999621e+00 6.693410000000000082e+00 6.908075300000000141e+00 5.519013000000000169e+00 5.200286000000000186e+00 1.401902300000000068e+01 6.986655700000000024e+00 6.179105800000000315e+00 6.379805600000000076e+00 6.527440499999999979e+00 6.489967299999999994e+00 6.234955000000000247e+00 6.364210599999999829e+00 6.543404999999999916e+00 6.549899599999999822e+00 6.714463000000000292e+00 7.090985299999999825e+00 7.315671400000000268e+00 7.151953699999999969e+00 6.760773999999999617e+00 6.534097700000000231e+00 7.467428700000000141e+00 7.799427500000000180e+00 1.443295099999999920e+01 9.857291000000000025e+00 9.878078000000000358e+00 9.258012000000000796e+00 8.731203000000000713e+00 8.346327000000000496e+00 8.240175000000000693e+00 8.327856000000000591e+00 8.396494000000000568e+00 8.388208999999999804e+00 8.290421000000000262e+00 8.256470000000000198e+00 8.214373000000000147e+00
6.924102000000000423e+00 6.935248999999999775e+00 7.389891600000000338e+00 6.047892000000000046e+00 5.408714999999999939e+00 5.549897999999999776e+00 1.488748799999999939e+01 6.302345800000000331e+00 6.143385000000000318e+00 6.285722299999999763e+00 6.249775999999999776e+00 5.896735699999999802e+00 6.242447399999999647e+00 6.460782000000000025e+00 6.596005400000000130e+00 6.270461000000000062e+00 7.082766499999999965e+00 7.566104400000000396e+00 7.846019000000000077e+00 7.323140999999999678e+00 6.692391399999999990e+00 6.117007700000000270e+00 6.503208599999999784e+00 1.325113699999999994e+01 7.484788400000000230e+00 9.356564000000000547e+00 8.973917999999999395e+00 8.869217000000000795e+00 8.743204999999999671e+00 8.541377999999999915e+00 8.353227999999999653e+00 8.197276000000000451e+00 8.100004000000000204e+00 8.003166000000000224e+00 7.836103399999999830e+00 7.793496000000000201e+00 7.814047300000000362e+00
7.099876400000000309e+00 6.875424399999999991e+00 7.622096499999999608e+00 5.572257999999999711e+00 5.403750999999999749e+00 5.794442000000000093e+00 1.672773400000000166e+01 5.689288999999999596e+00 6.187381300000000195e+00 6.099022999999999861e+00 6.111710000000000420e+00 6.105597500000000011e+00 6.002479600000000026e+00 6.728942400000000212e+00 6.834419999999999717e+00 7.033547000000000438e+00 7.180197699999999905e+00 8.029384999999999550e+00 8.280827000000000382e+00 7.396639300000000361e+00 6.403518700000000230e+00 5.881014000000000408e+00 6.099137999999999948e+00 1.267611699999999963e+01 9.307143999999999195e+00 8.525375000000000369e+00 8.115764000000000422e+00 8.052555999999999159e+00 8.391253999999999991e+00 8.617413499999999615e+00 8.664189000000000362e+00 8.368256999999999834e+00 8.100452000000000652e+00 7.837019399999999969e+00 7.544276700000000169e+00 7.415917000000000314e+00 7.373377299999999579e+00
6.431120400000000181e+00 7.175176999999999694e+00 7.012721499999999608e+00 6.568535299999999744e+00 5.943646400000000440e+00 5.930672600000000294e+00 1.510349399999999953e+01 6.033798700000000181e+00 5.983113999999999599e+00 5.979003399999999857e+00 6.062237999999999793e+00 6.231796000000000113e+00 6.378673599999999944e+00 6.354353399999999930e+00 6.609227999999999881e+00 7.137570000000000192e+00 7.163912299999999789e+00 8.211472999999999800e+00 8.915865999999999403e+00 7.569413700000000134e+00 6.126454999999999984e+00 5.876666499999999793e+00 1.195786799999999950e+01 7.979395399999999583e+00 8.915601999999999805e+00 8.412324999999999164e+00 7.887868000000000102e+00 7.703222000000000236e+00 7.936347500000000110e+00 8.364687999999999235e+00 8.713578999999999297e+00 8.634674999999999656e+00 8.281145000000000422e+00 7.925416499999999864e+00 7.606123400000000423e+00 7.408803999999999945e+00 7.284551600000000349e+00
6.514583000000000013e+00 6.899046399999999579e+00 6.458869499999999597e+00 5.967863999999999614e+00 5.905649999999999622e+00 1.403999400000000009e+01 6.583283999999999914e+00 6.089858500000000063e+00 6.192779999999999951e+00 6.015755000000000408e+00 5.945090999999999681e+00 5.995479600000000353e+00 6.292506000000000377e+00 6.661608000000000196e+00 6.692706000000000266e+00 7.131941000000000308e+00 7.229066000000000436e+00 8.008295999999999637e+00 9.967498000000000857e+00 7.812354599999999927e+00 5.691493499999999983e+00 1.201952799999999932e+01 8.756358999999999781e+00 8.562976000000000809e+00 8.317985999999999436e+00 8.191865999999999204e+00 7.819191499999999628e+00 7.634047999999999945e+00 7.699331800000000392e+00 7.953897999999999691e+00 8.306606999999999630e+00 8.365857999999999350e+00 8.221194000000000557e+00 7.922863500000000059e+00 7.619369500000000350e+00 7.476423699999999783e+00 7.332523000000000124e+00
6.934380499999999614e+00 6.996420399999999873e+00 6.483357999999999954e+00 5.718074299999999610e+00 5.454415000000000013e+00 1.416890199999999922e+01 6.603792699999999627e+00 5.975224500000000383e+00 6.185014200000000351e+00 6.070894000000000013e+00 6.135537600000000147e+00 6.259990700000000352e+00 6.359693000000000040e+00 6.612137299999999662e+00 6.889478699999999733e+00 7.078462000000000032e+00 7.155627299999999913e+00 7.412328999999999724e+00 8.216647000000000034e+00 9.885937999999999448e+00 1.232699700000000043e+01 9.061151999999999873e+00 8.547872999999999166e+00 8.191969000000000278e+00 8.119923000000000002e+00 8.086486000000000729e+00 7.996167699999999989e+00 7.981126999999999860e+00 8.071873000000000076e+00 8.039004000000000261e+00 8.088323000000000818e+00 8.117784000000000333e+00 8.060622999999999649e+00 7.969289299999999798e+00 7.845438999999999830e+00 7.786271600000000070e+00 7.729317700000000180e+00
7.344095699999999560e+00 7.112479999999999691e+00 6.503021999999999636e+00 5.803417699999999790e+00 5.764477300000000248e+00 1.425811200000000056e+01 6.490077499999999944e+00 5.853835000000000122e+00 6.242746399999999696e+00 6.385737999999999914e+00 6.376344999999999708e+00 6.421299999999999564e+00 6.350934999999999775e+00 6.688838500000000131e+00 6.962609299999999557e+00 6.696251400000000409e+00 7.012795999999999808e+00 7.218989399999999890e+00 6.885821299999999923e+00 1.304727650000000061e+01 1.202788499999999949e+01 8.083524999999999849e+00 8.078402999999999778e+00 8.039032999999999873e+00 7.978178500000000284e+00 7.941810600000000164e+00 7.942986999999999576e+00 8.009278000000000119e+00 8.081098000000000781e+00 7.988985500000000073e+00 7.805195300000000280e+00 7.659722300000000317e+00 7.669282400000000166e+00 7.755548499999999734e+00 7.739335500000000145e+00 7.815195600000000020e+00 7.791689400000000099e+00
8.250633000000000550e+00 7.030754599999999854e+00 6.621915300000000393e+00 6.323001999999999789e+00 6.599765999999999799e+00 1.424228500000000075e+01 7.503400300000000023e+00 6.500113999999999947e+00 6.498127499999999834e+00 6.578449199999999664e+00 6.630355400000000010e+00 6.663717700000000299e+00 6.610977600000000010e+00 6.940642999999999674e+00 6.908469000000000193e+00 6.399774999999999991e+00 6.357671700000000037e+00 1.251193600000000039e+01 1.283884100000000039e+01 6.550882299999999603e+00 7.605788699999999736e+00 8.181680000000000064e+00 7.925601999999999592e+00 8.018207000000000306e+00 8.005062999999999818e+00 8.031442999999999444e+00 7.989639000000000379e+00 8.014836999999999989e+00 8.029038999999999149e+00 7.879471999999999809e+00 7.746857000000000326e+00 7.505518999999999608e+00 7.486710999999999672e+00 7.657051000000000052e+00 7.737164499999999556e+00 7.772441399999999945e+00 7.766878600000000077e+00
8.430657000000000068e+00 7.165486300000000419e+00 7.000637499999999847e+00 7.013988000000000334e+00 6.891696999999999740e+00 6.397445000000000270e+00 1.495050799999999924e+01 7.278363699999999881e+00 6.922139999999999738e+00 7.407646699999999917e+00 7.119023300000000276e+00 7.178726000000000163e+00 6.891876700000000078e+00 7.050673500000000260e+00 7.057512299999999961e+00 5.468116000000000199e+00 1.218585799999999963e+01 5.880850299999999642e+00 6.066927399999999970e+00 7.345356500000000288e+00 8.219998000000000360e+00 8.171449000000000851e+00 8.173486999999999725e+00 8.172914499999999194e+00 8.134786999999999324e+00 8.191401499999999558e+00 8.128609000000000862e+00 8.041287000000000518e+00 7.960052000000000127e+00 7.815913000000000110e+00 7.709181300000000014e+00 7.594512500000000443e+00 7.528584500000000013e+00 7.668407000000000195e+00 7.766124699999999770e+00 7.839341000000000115e+00 7.754090999999999845e+00
8.387221000000000259e+00 7.376507300000000100e+00 7.019231300000000395e+00 6.467810599999999965e+00 5.734798399999999852e+00 5.861733400000000316e+00 5.971946700000000163e+00 1.500034199999999984e+01 1.547096699999999991e+01 6.614271600000000362e+00 7.179388999999999577e+00 6.989072000000000173e+00 7.228740000000000165e+00 7.140033700000000039e+00 6.276413400000000031e+00 1.205717849999999913e+01 5.925180400000000347e+00 6.359613399999999750e+00 7.342478999999999978e+00 8.874752000000000862e+00 8.377871999999999986e+00 8.030300999999999689e+00 8.040354999999999919e+00 8.050364000000000075e+00 8.023735999999999535e+00 8.050686999999999927e+00 7.960071000000000119e+00 7.861736299999999567e+00 7.793299000000000198e+00 7.645786000000000193e+00 7.575686499999999768e+00 7.512294299999999758e+00 7.587448000000000192e+00 7.652169699999999963e+00 7.631896499999999861e+00 7.650833000000000439e+00 7.568980999999999959e+00
7.967544000000000182e+00 7.179312699999999658e+00 7.118699600000000238e+00 6.363921999999999635e+00 5.989659299999999575e+00 5.575872399999999729e+00 6.202444999999999986e+00 7.269573699999999583e+00 7.239395000000000024e+00 1.622171799999999919e+01 7.534973599999999827e+00 7.749883999999999773e+00 7.362369000000000163e+00 7.020270299999999963e+00 1.228652499999999925e+01 5.779528599999999905e+00 7.402988399999999913e+00 7.376432399999999667e+00 9.307593999999999923e+00 9.443149999999999267e+00 8.616939000000000348e+00 8.185309999999999420e+00 8.129951999999999401e+00 8.206454000000000804e+00 8.138904000000000138e+00 8.124847000000000818e+00 7.991458999999999868e+00 7.913319999999999688e+00 7.893244700000000336e+00 7.825866000000000433e+00 7.867438299999999884e+00 7.853689700000000329e+00 7.883910000000000196e+00 7.931899999999999729e+00 7.832461399999999685e+00 7.791059500000000249e+00 7.732097600000000348e+00
7.254871399999999859e+00 7.807898500000000297e+00 6.777414300000000225e+00 6.647423999999999999e+00 5.929106700000000174e+00 6.105253000000000263e+00 6.074614000000000402e+00 6.758658999999999750e+00 6.821846500000000368e+00 6.904962000000000266e+00 1.648629400000000089e+01 1.050183700000000009e+01 1.077047600000000038e+01 1.239940700000000007e+01 6.822338000000000235e+00 6.530160999999999660e+00 9.307831000000000188e+00 9.827977000000000629e+00 1.052466800000000013e+01 9.125650000000000261e+00 8.331860000000000710e+00 8.095176999999999623e+00 8.150957999999999259e+00 8.229872999999999550e+00 8.133701000000000292e+00 8.021777000000000157e+00 7.819853300000000118e+00 7.710699599999999876e+00 7.717179999999999929e+00 7.761393499999999612e+00 7.893130300000000155e+00 7.959053499999999559e+00 7.984789400000000370e+00 7.970367000000000424e+00 7.835412999999999961e+00 7.783519000000000077e+00 7.712769999999999904e+00
